0.0056990205  
0.0048301887 
0.0052837977  
0.0047293553 
0.0047663377 
0.0057028291  
0.0051210242  
0.0044755245 
0.0046843550 
0.0052936311 
0.0042638241  
0.0051364366 
0.0042036125 
0.0048761905 
0.0049516441  
0.0054145516  
0.0051364366 
0.0050029314 
0.0048696975 
0.0048210923 
0.0049960968 
0.0057334826 
0.0042638241 
0.0053657514 
0.0051426276
0.0048586069
0.0051560926
0.0050443350
0.0049757046
0.0052234238
0.0051498692
0.0055196205
0.0052718287
0.0048292775
0.0051696284
0.0052096052
0.0050985859
0.0050463237
0.0052373159
0.0049728050
0.0045575930
0.0045730618 
0.0048734057
0.0044912281
0.0052718287
0.0048734057
0.0051623311
0.0057181148
0.0053894737
0.0051477981
0.0047407407
0.0049449488
0.0051895398
0.0052191641
0.0046134439
0.0053467001
0.0051727622
0.0050864296
0.0053233520
0.0055640078
0.0052032520
0.0055579679
0.0053781513
0.0051446945
0.0048292775
0.0051138634
0.0055291577 
0.0059631959
0.0054122622
0.0048985840
0.0049278152
0.0047407407
0.0051884880
0.0055664275 
0.0049834534
0.0044983307
0.0048048048
0.0044168392
0.0058234759
0.0052534373
0.0049902534
0.0045317755
0.0044421308
0.0051220488
0.0051560926
0.0053511706
0.0048558422
0.0046117817
0.0051128420
0.0058208276 
0.0056725017
0.0048138398
0.0056612119
0.0052032520
0.0057644675
0.0046638732
0.0046410442
0.0053333333
0.0056549591
