897.89
887.901
877.945
867.966
857.974
848.034
838.039
828.054
818.088
808.095
798.137
788.171
778.205
768.202
758.22
748.269
738.266
728.313
718.333
708.338
698.381
688.394
678.427
668.457
658.459
648.484
638.51
628.518
618.556
608.576
598.593
588.625
578.658
568.683
558.692
548.73
538.742
528.771
518.792
508.807
498.836
488.861
478.888
468.905
458.921
448.945
438.973
429.002
419.019
409.044
399.069
389.09
379.11
369.133
359.166
349.181
339.204
329.229
319.255
309.278
299.304
289.322
279.346
269.371
259.396
249.418
239.44
229.465
219.486
209.51
199.534
