Aerogel tile 0
1.04893, 1.04894, 1.04895, 1.04896, 1.04897, 1.04898, 1.04899, 1.049, 1.04901, 1.04902, 1.04904, 1.04905, 1.04906, 1.04908, 1.04909, 1.04911, 1.04913, 1.04914, 1.04916, 1.04918, 1.0492, 1.04922, 1.04924, 1.04926, 1.04928, 1.04931, 1.04933, 1.04936, 1.04939, 1.04942, 1.04945, 1.04948, 1.04952, 1.04955, 1.04959, 1.04963, 1.04967, 1.04972, 1.04977, 1.04982, 1.04987, 1.04993, 1.04999, 1.05006, 1.05013, 1.0502, 1.05028, 1.05037, 1.05046, 1.05056, 1.05067, 1.05079, 1.05091, 1.05105, 1.0512, 1.05137, 1.05155, 1.05175, 1.05197, 1.05221, 1.05248, 1.05279, 1.05313, 1.05351, 1.05395, 1.05445, 1.05502, 1.05569, 1.05647, 1.05739, 1.05849

Aerogel tile 1
1.05002, 1.05003, 1.05004, 1.05005, 1.05006, 1.05007, 1.05009, 1.0501, 1.05011, 1.05012, 1.05013, 1.05015, 1.05016, 1.05018, 1.05019, 1.05021, 1.05022, 1.05024, 1.05026, 1.05028, 1.0503, 1.05032, 1.05034, 1.05036, 1.05038, 1.05041, 1.05043, 1.05046, 1.05049, 1.05052, 1.05055, 1.05058, 1.05061, 1.05065, 1.05069, 1.05073, 1.05077, 1.05082, 1.05087, 1.05092, 1.05097, 1.05103, 1.05109, 1.05116, 1.05123, 1.0513, 1.05138, 1.05147, 1.05156, 1.05166, 1.05177, 1.05189, 1.05201, 1.05215, 1.0523, 1.05247, 1.05265, 1.05285, 1.05307, 1.05331, 1.05359, 1.05389, 1.05423, 1.05462, 1.05505, 1.05555, 1.05613, 1.0568, 1.05758, 1.0585, 1.0596

Aerogel tile 2
1.05065, 1.05066, 1.05067, 1.05068, 1.05069, 1.0507, 1.05071, 1.05073, 1.05074, 1.05075, 1.05076, 1.05078, 1.05079, 1.05081, 1.05082, 1.05084, 1.05085, 1.05087, 1.05089, 1.05091, 1.05093, 1.05095, 1.05097, 1.05099, 1.05101, 1.05104, 1.05106, 1.05109, 1.05112, 1.05115, 1.05118, 1.05121, 1.05124, 1.05128, 1.05132, 1.05136, 1.0514, 1.05145, 1.0515, 1.05155, 1.0516, 1.05166, 1.05172, 1.05179, 1.05186, 1.05193, 1.05201, 1.0521, 1.05219, 1.05229, 1.0524, 1.05252, 1.05264, 1.05278, 1.05293, 1.0531, 1.05328, 1.05348, 1.0537, 1.05395, 1.05422, 1.05452, 1.05486, 1.05525, 1.05569, 1.05619, 1.05676, 1.05743, 1.05821, 1.05913, 1.06023

Aerogel tile 3
1.05013, 1.05014, 1.05015, 1.05016, 1.05017, 1.05018, 1.0502, 1.05021, 1.05022, 1.05023, 1.05024, 1.05026, 1.05027, 1.05029, 1.0503, 1.05032, 1.05033, 1.05035, 1.05037, 1.05039, 1.05041, 1.05043, 1.05045, 1.05047, 1.05049, 1.05052, 1.05054, 1.05057, 1.0506, 1.05063, 1.05066, 1.05069, 1.05072, 1.05076, 1.0508, 1.05084, 1.05088, 1.05093, 1.05098, 1.05103, 1.05108, 1.05114, 1.0512, 1.05127, 1.05134, 1.05141, 1.05149, 1.05158, 1.05167, 1.05177, 1.05188, 1.052, 1.05212, 1.05226, 1.05241, 1.05258, 1.05276, 1.05296, 1.05318, 1.05343, 1.0537, 1.054, 1.05434, 1.05473, 1.05516, 1.05566, 1.05624, 1.05691, 1.05769, 1.05861, 1.05971

Aerogel tile 4
1.05052, 1.05053, 1.05054, 1.05055, 1.05056, 1.05057, 1.05058, 1.0506, 1.05061, 1.05062, 1.05063, 1.05065, 1.05066, 1.05068, 1.05069, 1.05071, 1.05072, 1.05074, 1.05076, 1.05078, 1.0508, 1.05082, 1.05084, 1.05086, 1.05088, 1.05091, 1.05093, 1.05096, 1.05099, 1.05102, 1.05105, 1.05108, 1.05111, 1.05115, 1.05119, 1.05123, 1.05127, 1.05132, 1.05137, 1.05142, 1.05147, 1.05153, 1.05159, 1.05166, 1.05173, 1.0518, 1.05188, 1.05197, 1.05206, 1.05216, 1.05227, 1.05239, 1.05251, 1.05265, 1.0528, 1.05297, 1.05315, 1.05335, 1.05357, 1.05382, 1.05409, 1.05439, 1.05473, 1.05512, 1.05556, 1.05606, 1.05663, 1.0573, 1.05808, 1.059, 1.0601

Aerogel tile 5
1.05046, 1.05047, 1.05048, 1.05049, 1.0505, 1.05051, 1.05053, 1.05054, 1.05055, 1.05056, 1.05057, 1.05059, 1.0506, 1.05062, 1.05063, 1.05065, 1.05066, 1.05068, 1.0507, 1.05072, 1.05074, 1.05076, 1.05078, 1.0508, 1.05082, 1.05085, 1.05087, 1.0509, 1.05093, 1.05096, 1.05099, 1.05102, 1.05105, 1.05109, 1.05113, 1.05117, 1.05121, 1.05126, 1.05131, 1.05136, 1.05141, 1.05147, 1.05153, 1.0516, 1.05167, 1.05174, 1.05182, 1.05191, 1.052, 1.0521, 1.05221, 1.05233, 1.05245, 1.05259, 1.05274, 1.05291, 1.05309, 1.05329, 1.05351, 1.05376, 1.05403, 1.05433, 1.05467, 1.05506, 1.0555, 1.056, 1.05657, 1.05724, 1.05802, 1.05894, 1.06004

Aerogel tile 6
1.04935, 1.04935, 1.04936, 1.04937, 1.04938, 1.0494, 1.04941, 1.04942, 1.04943, 1.04944, 1.04946, 1.04947, 1.04948, 1.0495, 1.04951, 1.04953, 1.04954, 1.04956, 1.04958, 1.0496, 1.04962, 1.04964, 1.04966, 1.04968, 1.0497, 1.04973, 1.04975, 1.04978, 1.04981, 1.04984, 1.04987, 1.0499, 1.04994, 1.04997, 1.05001, 1.05005, 1.05009, 1.05014, 1.05019, 1.05024, 1.05029, 1.05035, 1.05041, 1.05048, 1.05055, 1.05062, 1.0507, 1.05079, 1.05088, 1.05098, 1.05109, 1.05121, 1.05133, 1.05147, 1.05162, 1.05179, 1.05197, 1.05217, 1.05239, 1.05263, 1.05291, 1.05321, 1.05355, 1.05394, 1.05437, 1.05487, 1.05545, 1.05611, 1.05689, 1.05781, 1.05891

Aerogel tile 7
1.04949, 1.04949, 1.0495, 1.04951, 1.04952, 1.04954, 1.04955, 1.04956, 1.04957, 1.04958, 1.0496, 1.04961, 1.04962, 1.04964, 1.04965, 1.04967, 1.04968, 1.0497, 1.04972, 1.04974, 1.04976, 1.04978, 1.0498, 1.04982, 1.04984, 1.04987, 1.04989, 1.04992, 1.04995, 1.04998, 1.05001, 1.05004, 1.05008, 1.05011, 1.05015, 1.05019, 1.05023, 1.05028, 1.05033, 1.05038, 1.05043, 1.05049, 1.05055, 1.05062, 1.05069, 1.05076, 1.05084, 1.05093, 1.05102, 1.05112, 1.05123, 1.05135, 1.05147, 1.05161, 1.05176, 1.05193, 1.05211, 1.05231, 1.05253, 1.05277, 1.05305, 1.05335, 1.05369, 1.05408, 1.05451, 1.05501, 1.05559, 1.05625, 1.05703, 1.05795, 1.05905

Aerogel tile 8
1.04996, 1.04997, 1.04998, 1.04999, 1.05, 1.05001, 1.05003, 1.05004, 1.05005, 1.05006, 1.05007, 1.05009, 1.0501, 1.05012, 1.05013, 1.05015, 1.05016, 1.05018, 1.0502, 1.05022, 1.05024, 1.05026, 1.05028, 1.0503, 1.05032, 1.05035, 1.05037, 1.0504, 1.05043, 1.05046, 1.05049, 1.05052, 1.05056, 1.05059, 1.05063, 1.05067, 1.05071, 1.05076, 1.05081, 1.05086, 1.05091, 1.05097, 1.05103, 1.0511, 1.05117, 1.05124, 1.05132, 1.05141, 1.0515, 1.0516, 1.05171, 1.05183, 1.05195, 1.05209, 1.05224, 1.05241, 1.05259, 1.05279, 1.05301, 1.05325, 1.05353, 1.05383, 1.05417, 1.05456, 1.05499, 1.05549, 1.05607, 1.05674, 1.05751, 1.05844, 1.05954

Aerogel tile 9
1.05027, 1.05028, 1.05029, 1.0503, 1.05031, 1.05032, 1.05034, 1.05035, 1.05036, 1.05037, 1.05038, 1.0504, 1.05041, 1.05043, 1.05044, 1.05046, 1.05047, 1.05049, 1.05051, 1.05053, 1.05055, 1.05057, 1.05059, 1.05061, 1.05063, 1.05066, 1.05068, 1.05071, 1.05074, 1.05077, 1.0508, 1.05083, 1.05086, 1.0509, 1.05094, 1.05098, 1.05102, 1.05107, 1.05112, 1.05117, 1.05122, 1.05128, 1.05134, 1.05141, 1.05148, 1.05155, 1.05163, 1.05172, 1.05181, 1.05191, 1.05202, 1.05214, 1.05226, 1.0524, 1.05255, 1.05272, 1.0529, 1.0531, 1.05332, 1.05357, 1.05384, 1.05414, 1.05448, 1.05487, 1.05531, 1.05581, 1.05638, 1.05705, 1.05783, 1.05875, 1.05985

Aerogel tile 10
1.04782, 1.04783, 1.04784, 1.04785, 1.04786, 1.04787, 1.04788, 1.04789, 1.0479, 1.04791, 1.04793, 1.04794, 1.04796, 1.04797, 1.04798, 1.048, 1.04802, 1.04803, 1.04805, 1.04807, 1.04809, 1.04811, 1.04813, 1.04815, 1.04818, 1.0482, 1.04823, 1.04825, 1.04828, 1.04831, 1.04834, 1.04837, 1.04841, 1.04844, 1.04848, 1.04852, 1.04856, 1.04861, 1.04866, 1.04871, 1.04876, 1.04882, 1.04888, 1.04895, 1.04902, 1.04909, 1.04917, 1.04926, 1.04935, 1.04945, 1.04956, 1.04968, 1.0498, 1.04994, 1.05009, 1.05026, 1.05044, 1.05064, 1.05086, 1.0511, 1.05137, 1.05168, 1.05202, 1.0524, 1.05284, 1.05334, 1.05391, 1.05457, 1.05535, 1.05627, 1.05737

Aerogel tile 11
1.05038, 1.05039, 1.0504, 1.05041, 1.05042, 1.05043, 1.05045, 1.05046, 1.05047, 1.05048, 1.05049, 1.05051, 1.05052, 1.05054, 1.05055, 1.05057, 1.05058, 1.0506, 1.05062, 1.05064, 1.05066, 1.05068, 1.0507, 1.05072, 1.05074, 1.05077, 1.05079, 1.05082, 1.05085, 1.05088, 1.05091, 1.05094, 1.05097, 1.05101, 1.05105, 1.05109, 1.05113, 1.05118, 1.05123, 1.05128, 1.05133, 1.05139, 1.05145, 1.05152, 1.05159, 1.05166, 1.05174, 1.05183, 1.05192, 1.05202, 1.05213, 1.05225, 1.05237, 1.05251, 1.05266, 1.05283, 1.05301, 1.05321, 1.05343, 1.05368, 1.05395, 1.05425, 1.05459, 1.05498, 1.05542, 1.05592, 1.05649, 1.05716, 1.05794, 1.05886, 1.05996

Aerogel tile 12
1.04837, 1.04838, 1.04839, 1.0484, 1.04841, 1.04842, 1.04843, 1.04844, 1.04845, 1.04846, 1.04848, 1.04849, 1.0485, 1.04852, 1.04853, 1.04855, 1.04857, 1.04858, 1.0486, 1.04862, 1.04864, 1.04866, 1.04868, 1.0487, 1.04873, 1.04875, 1.04877, 1.0488, 1.04883, 1.04886, 1.04889, 1.04892, 1.04896, 1.04899, 1.04903, 1.04907, 1.04911, 1.04916, 1.04921, 1.04926, 1.04931, 1.04937, 1.04943, 1.0495, 1.04957, 1.04964, 1.04972, 1.04981, 1.0499, 1.05, 1.05011, 1.05023, 1.05035, 1.05049, 1.05064, 1.05081, 1.05099, 1.05119, 1.05141, 1.05165, 1.05192, 1.05223, 1.05257, 1.05295, 1.05339, 1.05389, 1.05446, 1.05513, 1.05591, 1.05683, 1.05793

Aerogel tile 13
1.04953, 1.04953, 1.04954, 1.04955, 1.04956, 1.04958, 1.04959, 1.0496, 1.04961, 1.04962, 1.04964, 1.04965, 1.04966, 1.04968, 1.04969, 1.04971, 1.04972, 1.04974, 1.04976, 1.04978, 1.0498, 1.04982, 1.04984, 1.04986, 1.04988, 1.04991, 1.04993, 1.04996, 1.04999, 1.05002, 1.05005, 1.05008, 1.05012, 1.05015, 1.05019, 1.05023, 1.05027, 1.05032, 1.05037, 1.05042, 1.05047, 1.05053, 1.05059, 1.05066, 1.05073, 1.0508, 1.05088, 1.05097, 1.05106, 1.05116, 1.05127, 1.05139, 1.05151, 1.05165, 1.0518, 1.05197, 1.05215, 1.05235, 1.05257, 1.05281, 1.05309, 1.05339, 1.05373, 1.05412, 1.05455, 1.05505, 1.05563, 1.05629, 1.05707, 1.05799, 1.0591

Aerogel tile 14
1.04939, 1.04939, 1.0494, 1.04941, 1.04942, 1.04944, 1.04945, 1.04946, 1.04947, 1.04948, 1.0495, 1.04951, 1.04952, 1.04954, 1.04955, 1.04957, 1.04958, 1.0496, 1.04962, 1.04964, 1.04966, 1.04968, 1.0497, 1.04972, 1.04974, 1.04977, 1.04979, 1.04982, 1.04985, 1.04988, 1.04991, 1.04994, 1.04998, 1.05001, 1.05005, 1.05009, 1.05013, 1.05018, 1.05023, 1.05028, 1.05033, 1.05039, 1.05045, 1.05052, 1.05059, 1.05066, 1.05074, 1.05083, 1.05092, 1.05102, 1.05113, 1.05125, 1.05137, 1.05151, 1.05166, 1.05183, 1.05201, 1.05221, 1.05243, 1.05267, 1.05295, 1.05325, 1.05359, 1.05398, 1.05441, 1.05491, 1.05549, 1.05615, 1.05693, 1.05785, 1.05895

Aerogel tile 15
1.05058, 1.05059, 1.0506, 1.05061, 1.05062, 1.05063, 1.05064, 1.05066, 1.05067, 1.05068, 1.05069, 1.05071, 1.05072, 1.05074, 1.05075, 1.05077, 1.05078, 1.0508, 1.05082, 1.05084, 1.05086, 1.05088, 1.0509, 1.05092, 1.05094, 1.05097, 1.05099, 1.05102, 1.05105, 1.05108, 1.05111, 1.05114, 1.05117, 1.05121, 1.05125, 1.05129, 1.05133, 1.05138, 1.05143, 1.05148, 1.05153, 1.05159, 1.05165, 1.05172, 1.05179, 1.05186, 1.05194, 1.05203, 1.05212, 1.05222, 1.05233, 1.05245, 1.05257, 1.05271, 1.05286, 1.05303, 1.05321, 1.05341, 1.05363, 1.05388, 1.05415, 1.05445, 1.05479, 1.05518, 1.05562, 1.05612, 1.05669, 1.05736, 1.05814, 1.05906, 1.06016

Aerogel tile 16
1.04718, 1.04719, 1.0472, 1.04721, 1.04722, 1.04723, 1.04724, 1.04725, 1.04726, 1.04728, 1.04729, 1.0473, 1.04732, 1.04733, 1.04735, 1.04736, 1.04738, 1.04739, 1.04741, 1.04743, 1.04745, 1.04747, 1.04749, 1.04751, 1.04754, 1.04756, 1.04759, 1.04761, 1.04764, 1.04767, 1.0477, 1.04773, 1.04777, 1.0478, 1.04784, 1.04788, 1.04792, 1.04797, 1.04802, 1.04807, 1.04812, 1.04818, 1.04824, 1.04831, 1.04838, 1.04845, 1.04853, 1.04862, 1.04871, 1.04881, 1.04892, 1.04904, 1.04916, 1.0493, 1.04945, 1.04962, 1.0498, 1.05, 1.05022, 1.05046, 1.05073, 1.05103, 1.05138, 1.05176, 1.0522, 1.05269, 1.05327, 1.05393, 1.05471, 1.05563, 1.05673

Aerogel tile 17
1.04975, 1.04976, 1.04977, 1.04978, 1.04979, 1.0498, 1.04982, 1.04983, 1.04984, 1.04985, 1.04987, 1.04988, 1.04989, 1.04991, 1.04992, 1.04994, 1.04995, 1.04997, 1.04999, 1.05001, 1.05003, 1.05005, 1.05007, 1.05009, 1.05011, 1.05014, 1.05016, 1.05019, 1.05022, 1.05025, 1.05028, 1.05031, 1.05035, 1.05038, 1.05042, 1.05046, 1.0505, 1.05055, 1.0506, 1.05065, 1.0507, 1.05076, 1.05082, 1.05089, 1.05096, 1.05103, 1.05111, 1.0512, 1.05129, 1.05139, 1.0515, 1.05162, 1.05174, 1.05188, 1.05203, 1.0522, 1.05238, 1.05258, 1.0528, 1.05304, 1.05332, 1.05362, 1.05396, 1.05435, 1.05478, 1.05528, 1.05586, 1.05652, 1.0573, 1.05823, 1.05933

Aerogel tile 18
1.04955, 1.04955, 1.04956, 1.04957, 1.04958, 1.0496, 1.04961, 1.04962, 1.04963, 1.04964, 1.04966, 1.04967, 1.04968, 1.0497, 1.04971, 1.04973, 1.04974, 1.04976, 1.04978, 1.0498, 1.04982, 1.04984, 1.04986, 1.04988, 1.0499, 1.04993, 1.04995, 1.04998, 1.05001, 1.05004, 1.05007, 1.0501, 1.05014, 1.05017, 1.05021, 1.05025, 1.05029, 1.05034, 1.05039, 1.05044, 1.05049, 1.05055, 1.05061, 1.05068, 1.05075, 1.05082, 1.0509, 1.05099, 1.05108, 1.05118, 1.05129, 1.05141, 1.05153, 1.05167, 1.05182, 1.05199, 1.05217, 1.05237, 1.05259, 1.05283, 1.05311, 1.05341, 1.05375, 1.05414, 1.05457, 1.05507, 1.05565, 1.05631, 1.05709, 1.05801, 1.05912

Aerogel tile 19
1.05002, 1.05003, 1.05004, 1.05005, 1.05006, 1.05007, 1.05009, 1.0501, 1.05011, 1.05012, 1.05013, 1.05015, 1.05016, 1.05018, 1.05019, 1.05021, 1.05022, 1.05024, 1.05026, 1.05028, 1.0503, 1.05032, 1.05034, 1.05036, 1.05038, 1.05041, 1.05043, 1.05046, 1.05049, 1.05052, 1.05055, 1.05058, 1.05061, 1.05065, 1.05069, 1.05073, 1.05077, 1.05082, 1.05087, 1.05092, 1.05097, 1.05103, 1.05109, 1.05116, 1.05123, 1.0513, 1.05138, 1.05147, 1.05156, 1.05166, 1.05177, 1.05189, 1.05201, 1.05215, 1.0523, 1.05247, 1.05265, 1.05285, 1.05307, 1.05331, 1.05359, 1.05389, 1.05423, 1.05462, 1.05505, 1.05555, 1.05613, 1.0568, 1.05758, 1.0585, 1.0596

Aerogel tile 20
1.04992, 1.04993, 1.04994, 1.04995, 1.04996, 1.04997, 1.04999, 1.05, 1.05001, 1.05002, 1.05003, 1.05005, 1.05006, 1.05008, 1.05009, 1.05011, 1.05012, 1.05014, 1.05016, 1.05018, 1.0502, 1.05022, 1.05024, 1.05026, 1.05028, 1.05031, 1.05033, 1.05036, 1.05039, 1.05042, 1.05045, 1.05048, 1.05052, 1.05055, 1.05059, 1.05063, 1.05067, 1.05072, 1.05077, 1.05082, 1.05087, 1.05093, 1.05099, 1.05106, 1.05113, 1.0512, 1.05128, 1.05137, 1.05146, 1.05156, 1.05167, 1.05179, 1.05191, 1.05205, 1.0522, 1.05237, 1.05255, 1.05275, 1.05297, 1.05321, 1.05349, 1.05379, 1.05413, 1.05452, 1.05495, 1.05545, 1.05603, 1.05669, 1.05747, 1.0584, 1.0595

Aerogel tile 21
1.04759, 1.0476, 1.04761, 1.04762, 1.04763, 1.04764, 1.04765, 1.04766, 1.04767, 1.04769, 1.0477, 1.04771, 1.04773, 1.04774, 1.04775, 1.04777, 1.04779, 1.0478, 1.04782, 1.04784, 1.04786, 1.04788, 1.0479, 1.04792, 1.04795, 1.04797, 1.048, 1.04802, 1.04805, 1.04808, 1.04811, 1.04814, 1.04818, 1.04821, 1.04825, 1.04829, 1.04833, 1.04838, 1.04843, 1.04848, 1.04853, 1.04859, 1.04865, 1.04872, 1.04879, 1.04886, 1.04894, 1.04903, 1.04912, 1.04922, 1.04933, 1.04945, 1.04957, 1.04971, 1.04986, 1.05003, 1.05021, 1.05041, 1.05063, 1.05087, 1.05114, 1.05145, 1.05179, 1.05217, 1.05261, 1.05311, 1.05368, 1.05434, 1.05512, 1.05604, 1.05714

Aerogel tile 22
1.04782, 1.04783, 1.04784, 1.04785, 1.04786, 1.04787, 1.04788, 1.04789, 1.0479, 1.04791, 1.04793, 1.04794, 1.04796, 1.04797, 1.04798, 1.048, 1.04802, 1.04803, 1.04805, 1.04807, 1.04809, 1.04811, 1.04813, 1.04815, 1.04818, 1.0482, 1.04823, 1.04825, 1.04828, 1.04831, 1.04834, 1.04837, 1.04841, 1.04844, 1.04848, 1.04852, 1.04856, 1.04861, 1.04866, 1.04871, 1.04876, 1.04882, 1.04888, 1.04895, 1.04902, 1.04909, 1.04917, 1.04926, 1.04935, 1.04945, 1.04956, 1.04968, 1.0498, 1.04994, 1.05009, 1.05026, 1.05044, 1.05064, 1.05086, 1.0511, 1.05137, 1.05168, 1.05202, 1.0524, 1.05284, 1.05334, 1.05391, 1.05457, 1.05535, 1.05627, 1.05737

Aerogel tile 23
1.0492, 1.0492, 1.04921, 1.04922, 1.04924, 1.04925, 1.04926, 1.04927, 1.04928, 1.04929, 1.04931, 1.04932, 1.04933, 1.04935, 1.04936, 1.04938, 1.04939, 1.04941, 1.04943, 1.04945, 1.04947, 1.04949, 1.04951, 1.04953, 1.04955, 1.04958, 1.0496, 1.04963, 1.04966, 1.04969, 1.04972, 1.04975, 1.04979, 1.04982, 1.04986, 1.0499, 1.04994, 1.04999, 1.05004, 1.05009, 1.05014, 1.0502, 1.05026, 1.05033, 1.0504, 1.05047, 1.05055, 1.05064, 1.05073, 1.05083, 1.05094, 1.05106, 1.05118, 1.05132, 1.05147, 1.05164, 1.05182, 1.05202, 1.05224, 1.05248, 1.05276, 1.05306, 1.0534, 1.05378, 1.05422, 1.05472, 1.0553, 1.05596, 1.05674, 1.05766, 1.05876

Aerogel tile 24
1.0492, 1.0492, 1.04921, 1.04922, 1.04924, 1.04925, 1.04926, 1.04927, 1.04928, 1.04929, 1.04931, 1.04932, 1.04933, 1.04935, 1.04936, 1.04938, 1.04939, 1.04941, 1.04943, 1.04945, 1.04947, 1.04949, 1.04951, 1.04953, 1.04955, 1.04958, 1.0496, 1.04963, 1.04966, 1.04969, 1.04972, 1.04975, 1.04979, 1.04982, 1.04986, 1.0499, 1.04994, 1.04999, 1.05004, 1.05009, 1.05014, 1.0502, 1.05026, 1.05033, 1.0504, 1.05047, 1.05055, 1.05064, 1.05073, 1.05083, 1.05094, 1.05106, 1.05118, 1.05132, 1.05147, 1.05164, 1.05182, 1.05202, 1.05224, 1.05248, 1.05276, 1.05306, 1.0534, 1.05378, 1.05422, 1.05472, 1.0553, 1.05596, 1.05674, 1.05766, 1.05876

Aerogel tile 25
1.04897, 1.04898, 1.04898, 1.04899, 1.04901, 1.04902, 1.04903, 1.04904, 1.04905, 1.04906, 1.04908, 1.04909, 1.0491, 1.04912, 1.04913, 1.04915, 1.04917, 1.04918, 1.0492, 1.04922, 1.04924, 1.04926, 1.04928, 1.0493, 1.04932, 1.04935, 1.04937, 1.0494, 1.04943, 1.04946, 1.04949, 1.04952, 1.04956, 1.04959, 1.04963, 1.04967, 1.04971, 1.04976, 1.04981, 1.04986, 1.04991, 1.04997, 1.05003, 1.0501, 1.05017, 1.05024, 1.05032, 1.05041, 1.0505, 1.0506, 1.05071, 1.05083, 1.05095, 1.05109, 1.05124, 1.05141, 1.05159, 1.05179, 1.05201, 1.05225, 1.05252, 1.05283, 1.05317, 1.05355, 1.05399, 1.05449, 1.05506, 1.05573, 1.05651, 1.05743, 1.05853

Aerogel tile 26
1.05006, 1.05007, 1.05008, 1.05009, 1.0501, 1.05011, 1.05013, 1.05014, 1.05015, 1.05016, 1.05017, 1.05019, 1.0502, 1.05022, 1.05023, 1.05025, 1.05026, 1.05028, 1.0503, 1.05032, 1.05034, 1.05036, 1.05038, 1.0504, 1.05042, 1.05045, 1.05047, 1.0505, 1.05053, 1.05056, 1.05059, 1.05062, 1.05065, 1.05069, 1.05073, 1.05077, 1.05081, 1.05086, 1.05091, 1.05096, 1.05101, 1.05107, 1.05113, 1.0512, 1.05127, 1.05134, 1.05142, 1.05151, 1.0516, 1.0517, 1.05181, 1.05193, 1.05205, 1.05219, 1.05234, 1.05251, 1.05269, 1.05289, 1.05311, 1.05336, 1.05363, 1.05393, 1.05427, 1.05466, 1.05509, 1.05559, 1.05617, 1.05684, 1.05762, 1.05854, 1.05964

Aerogel tile 27
1.0491, 1.04911, 1.04911, 1.04912, 1.04914, 1.04915, 1.04916, 1.04917, 1.04918, 1.04919, 1.04921, 1.04922, 1.04923, 1.04925, 1.04926, 1.04928, 1.04929, 1.04931, 1.04933, 1.04935, 1.04937, 1.04939, 1.04941, 1.04943, 1.04945, 1.04948, 1.0495, 1.04953, 1.04956, 1.04959, 1.04962, 1.04965, 1.04969, 1.04972, 1.04976, 1.0498, 1.04984, 1.04989, 1.04994, 1.04999, 1.05004, 1.0501, 1.05016, 1.05023, 1.0503, 1.05037, 1.05045, 1.05054, 1.05063, 1.05073, 1.05084, 1.05096, 1.05108, 1.05122, 1.05137, 1.05154, 1.05172, 1.05192, 1.05214, 1.05238, 1.05266, 1.05296, 1.0533, 1.05368, 1.05412, 1.05462, 1.05519, 1.05586, 1.05664, 1.05756, 1.05866

Aerogel tile 28
1.04841, 1.04842, 1.04843, 1.04844, 1.04845, 1.04846, 1.04847, 1.04848, 1.04849, 1.0485, 1.04852, 1.04853, 1.04854, 1.04856, 1.04857, 1.04859, 1.04861, 1.04862, 1.04864, 1.04866, 1.04868, 1.0487, 1.04872, 1.04874, 1.04877, 1.04879, 1.04881, 1.04884, 1.04887, 1.0489, 1.04893, 1.04896, 1.049, 1.04903, 1.04907, 1.04911, 1.04915, 1.0492, 1.04925, 1.0493, 1.04935, 1.04941, 1.04947, 1.04954, 1.04961, 1.04968, 1.04976, 1.04985, 1.04994, 1.05004, 1.05015, 1.05027, 1.05039, 1.05053, 1.05068, 1.05085, 1.05103, 1.05123, 1.05145, 1.05169, 1.05196, 1.05227, 1.05261, 1.05299, 1.05343, 1.05393, 1.0545, 1.05517, 1.05595, 1.05687, 1.05797

Aerogel tile 29
1.04963, 1.04964, 1.04965, 1.04966, 1.04967, 1.04969, 1.0497, 1.04971, 1.04972, 1.04973, 1.04975, 1.04976, 1.04977, 1.04979, 1.0498, 1.04982, 1.04983, 1.04985, 1.04987, 1.04989, 1.04991, 1.04993, 1.04995, 1.04997, 1.04999, 1.05002, 1.05004, 1.05007, 1.0501, 1.05013, 1.05016, 1.05019, 1.05023, 1.05026, 1.0503, 1.05034, 1.05038, 1.05043, 1.05048, 1.05053, 1.05058, 1.05064, 1.0507, 1.05077, 1.05084, 1.05091, 1.05099, 1.05108, 1.05117, 1.05127, 1.05138, 1.0515, 1.05162, 1.05176, 1.05191, 1.05208, 1.05226, 1.05246, 1.05268, 1.05292, 1.0532, 1.0535, 1.05384, 1.05423, 1.05466, 1.05516, 1.05574, 1.0564, 1.05718, 1.0581, 1.05921

Aerogel tile 30
1.05044, 1.05045, 1.05046, 1.05047, 1.05048, 1.05049, 1.05051, 1.05052, 1.05053, 1.05054, 1.05055, 1.05057, 1.05058, 1.0506, 1.05061, 1.05063, 1.05064, 1.05066, 1.05068, 1.0507, 1.05072, 1.05074, 1.05076, 1.05078, 1.0508, 1.05083, 1.05085, 1.05088, 1.05091, 1.05094, 1.05097, 1.051, 1.05103, 1.05107, 1.05111, 1.05115, 1.05119, 1.05124, 1.05129, 1.05134, 1.05139, 1.05145, 1.05151, 1.05158, 1.05165, 1.05172, 1.0518, 1.05189, 1.05198, 1.05208, 1.05219, 1.05231, 1.05243, 1.05257, 1.05272, 1.05289, 1.05307, 1.05327, 1.05349, 1.05374, 1.05401, 1.05431, 1.05465, 1.05504, 1.05548, 1.05598, 1.05655, 1.05722, 1.058, 1.05892, 1.06002

Aerogel tile 31
1.05, 1.05001, 1.05002, 1.05003, 1.05004, 1.05005, 1.05007, 1.05008, 1.05009, 1.0501, 1.05011, 1.05013, 1.05014, 1.05016, 1.05017, 1.05019, 1.0502, 1.05022, 1.05024, 1.05026, 1.05028, 1.0503, 1.05032, 1.05034, 1.05036, 1.05039, 1.05041, 1.05044, 1.05047, 1.0505, 1.05053, 1.05056, 1.05059, 1.05063, 1.05067, 1.05071, 1.05075, 1.0508, 1.05085, 1.0509, 1.05095, 1.05101, 1.05107, 1.05114, 1.05121, 1.05128, 1.05136, 1.05145, 1.05154, 1.05164, 1.05175, 1.05187, 1.05199, 1.05213, 1.05228, 1.05245, 1.05263, 1.05283, 1.05305, 1.05329, 1.05357, 1.05387, 1.05421, 1.0546, 1.05503, 1.05553, 1.05611, 1.05678, 1.05756, 1.05848, 1.05958

Aerogel tile 32
1.04992, 1.04993, 1.04994, 1.04995, 1.04996, 1.04997, 1.04999, 1.05, 1.05001, 1.05002, 1.05003, 1.05005, 1.05006, 1.05008, 1.05009, 1.05011, 1.05012, 1.05014, 1.05016, 1.05018, 1.0502, 1.05022, 1.05024, 1.05026, 1.05028, 1.05031, 1.05033, 1.05036, 1.05039, 1.05042, 1.05045, 1.05048, 1.05052, 1.05055, 1.05059, 1.05063, 1.05067, 1.05072, 1.05077, 1.05082, 1.05087, 1.05093, 1.05099, 1.05106, 1.05113, 1.0512, 1.05128, 1.05137, 1.05146, 1.05156, 1.05167, 1.05179, 1.05191, 1.05205, 1.0522, 1.05237, 1.05255, 1.05275, 1.05297, 1.05321, 1.05349, 1.05379, 1.05413, 1.05452, 1.05495, 1.05545, 1.05603, 1.05669, 1.05747, 1.0584, 1.0595

Aerogel tile 33
1.04891, 1.04892, 1.04893, 1.04894, 1.04895, 1.04896, 1.04897, 1.04898, 1.04899, 1.049, 1.04902, 1.04903, 1.04904, 1.04906, 1.04907, 1.04909, 1.04911, 1.04912, 1.04914, 1.04916, 1.04918, 1.0492, 1.04922, 1.04924, 1.04926, 1.04929, 1.04931, 1.04934, 1.04937, 1.0494, 1.04943, 1.04946, 1.0495, 1.04953, 1.04957, 1.04961, 1.04965, 1.0497, 1.04975, 1.0498, 1.04985, 1.04991, 1.04997, 1.05004, 1.05011, 1.05018, 1.05026, 1.05035, 1.05044, 1.05054, 1.05065, 1.05077, 1.05089, 1.05103, 1.05118, 1.05135, 1.05153, 1.05173, 1.05195, 1.05219, 1.05246, 1.05277, 1.05311, 1.05349, 1.05393, 1.05443, 1.055, 1.05567, 1.05645, 1.05737, 1.05847

Aerogel tile 34
1.05002, 1.05003, 1.05004, 1.05005, 1.05006, 1.05007, 1.05009, 1.0501, 1.05011, 1.05012, 1.05013, 1.05015, 1.05016, 1.05018, 1.05019, 1.05021, 1.05022, 1.05024, 1.05026, 1.05028, 1.0503, 1.05032, 1.05034, 1.05036, 1.05038, 1.05041, 1.05043, 1.05046, 1.05049, 1.05052, 1.05055, 1.05058, 1.05061, 1.05065, 1.05069, 1.05073, 1.05077, 1.05082, 1.05087, 1.05092, 1.05097, 1.05103, 1.05109, 1.05116, 1.05123, 1.0513, 1.05138, 1.05147, 1.05156, 1.05166, 1.05177, 1.05189, 1.05201, 1.05215, 1.0523, 1.05247, 1.05265, 1.05285, 1.05307, 1.05331, 1.05359, 1.05389, 1.05423, 1.05462, 1.05505, 1.05555, 1.05613, 1.0568, 1.05758, 1.0585, 1.0596

Aerogel tile 35
1.04992, 1.04993, 1.04994, 1.04995, 1.04996, 1.04997, 1.04999, 1.05, 1.05001, 1.05002, 1.05003, 1.05005, 1.05006, 1.05008, 1.05009, 1.05011, 1.05012, 1.05014, 1.05016, 1.05018, 1.0502, 1.05022, 1.05024, 1.05026, 1.05028, 1.05031, 1.05033, 1.05036, 1.05039, 1.05042, 1.05045, 1.05048, 1.05052, 1.05055, 1.05059, 1.05063, 1.05067, 1.05072, 1.05077, 1.05082, 1.05087, 1.05093, 1.05099, 1.05106, 1.05113, 1.0512, 1.05128, 1.05137, 1.05146, 1.05156, 1.05167, 1.05179, 1.05191, 1.05205, 1.0522, 1.05237, 1.05255, 1.05275, 1.05297, 1.05321, 1.05349, 1.05379, 1.05413, 1.05452, 1.05495, 1.05545, 1.05603, 1.05669, 1.05747, 1.0584, 1.0595

Aerogel tile 36
1.04816, 1.04817, 1.04818, 1.04819, 1.0482, 1.04821, 1.04822, 1.04823, 1.04824, 1.04825, 1.04827, 1.04828, 1.04829, 1.04831, 1.04832, 1.04834, 1.04836, 1.04837, 1.04839, 1.04841, 1.04843, 1.04845, 1.04847, 1.04849, 1.04852, 1.04854, 1.04857, 1.04859, 1.04862, 1.04865, 1.04868, 1.04871, 1.04875, 1.04878, 1.04882, 1.04886, 1.0489, 1.04895, 1.049, 1.04905, 1.0491, 1.04916, 1.04922, 1.04929, 1.04936, 1.04943, 1.04951, 1.0496, 1.04969, 1.04979, 1.0499, 1.05002, 1.05014, 1.05028, 1.05043, 1.0506, 1.05078, 1.05098, 1.0512, 1.05144, 1.05171, 1.05202, 1.05236, 1.05274, 1.05318, 1.05368, 1.05425, 1.05492, 1.05569, 1.05661, 1.05771

Aerogel tile 37
1.04959, 1.0496, 1.04961, 1.04962, 1.04963, 1.04965, 1.04966, 1.04967, 1.04968, 1.04969, 1.04971, 1.04972, 1.04973, 1.04975, 1.04976, 1.04978, 1.04979, 1.04981, 1.04983, 1.04985, 1.04987, 1.04989, 1.04991, 1.04993, 1.04995, 1.04998, 1.05, 1.05003, 1.05006, 1.05009, 1.05012, 1.05015, 1.05019, 1.05022, 1.05026, 1.0503, 1.05034, 1.05039, 1.05044, 1.05049, 1.05054, 1.0506, 1.05066, 1.05073, 1.0508, 1.05087, 1.05095, 1.05104, 1.05113, 1.05123, 1.05134, 1.05146, 1.05158, 1.05172, 1.05187, 1.05204, 1.05222, 1.05242, 1.05264, 1.05288, 1.05316, 1.05346, 1.0538, 1.05419, 1.05462, 1.05512, 1.0557, 1.05636, 1.05714, 1.05806, 1.05917

Aerogel tile 38
1.04799, 1.048, 1.04801, 1.04802, 1.04803, 1.04804, 1.04805, 1.04806, 1.04807, 1.04808, 1.0481, 1.04811, 1.04812, 1.04814, 1.04815, 1.04817, 1.04819, 1.0482, 1.04822, 1.04824, 1.04826, 1.04828, 1.0483, 1.04832, 1.04835, 1.04837, 1.0484, 1.04842, 1.04845, 1.04848, 1.04851, 1.04854, 1.04858, 1.04861, 1.04865, 1.04869, 1.04873, 1.04878, 1.04883, 1.04888, 1.04893, 1.04899, 1.04905, 1.04912, 1.04919, 1.04926, 1.04934, 1.04943, 1.04952, 1.04962, 1.04973, 1.04985, 1.04997, 1.05011, 1.05026, 1.05043, 1.05061, 1.05081, 1.05103, 1.05127, 1.05154, 1.05185, 1.05219, 1.05257, 1.05301, 1.05351, 1.05408, 1.05475, 1.05552, 1.05644, 1.05754

Aerogel tile 39
1.04799, 1.048, 1.04801, 1.04802, 1.04803, 1.04804, 1.04805, 1.04806, 1.04807, 1.04808, 1.0481, 1.04811, 1.04812, 1.04814, 1.04815, 1.04817, 1.04819, 1.0482, 1.04822, 1.04824, 1.04826, 1.04828, 1.0483, 1.04832, 1.04835, 1.04837, 1.0484, 1.04842, 1.04845, 1.04848, 1.04851, 1.04854, 1.04858, 1.04861, 1.04865, 1.04869, 1.04873, 1.04878, 1.04883, 1.04888, 1.04893, 1.04899, 1.04905, 1.04912, 1.04919, 1.04926, 1.04934, 1.04943, 1.04952, 1.04962, 1.04973, 1.04985, 1.04997, 1.05011, 1.05026, 1.05043, 1.05061, 1.05081, 1.05103, 1.05127, 1.05154, 1.05185, 1.05219, 1.05257, 1.05301, 1.05351, 1.05408, 1.05475, 1.05552, 1.05644, 1.05754

Aerogel tile 40
1.04647, 1.04648, 1.04649, 1.0465, 1.04651, 1.04652, 1.04653, 1.04654, 1.04655, 1.04657, 1.04658, 1.04659, 1.04661, 1.04662, 1.04664, 1.04665, 1.04667, 1.04669, 1.0467, 1.04672, 1.04674, 1.04676, 1.04678, 1.0468, 1.04683, 1.04685, 1.04688, 1.0469, 1.04693, 1.04696, 1.04699, 1.04702, 1.04706, 1.04709, 1.04713, 1.04717, 1.04722, 1.04726, 1.04731, 1.04736, 1.04741, 1.04747, 1.04753, 1.0476, 1.04767, 1.04774, 1.04782, 1.04791, 1.048, 1.0481, 1.04821, 1.04833, 1.04845, 1.04859, 1.04874, 1.04891, 1.04909, 1.04929, 1.04951, 1.04975, 1.05002, 1.05032, 1.05066, 1.05105, 1.05148, 1.05198, 1.05255, 1.05322, 1.054, 1.05491, 1.05601

Aerogel tile 41
1.04738, 1.04739, 1.0474, 1.04741, 1.04742, 1.04743, 1.04744, 1.04745, 1.04746, 1.04748, 1.04749, 1.0475, 1.04752, 1.04753, 1.04755, 1.04756, 1.04758, 1.04759, 1.04761, 1.04763, 1.04765, 1.04767, 1.04769, 1.04771, 1.04774, 1.04776, 1.04779, 1.04781, 1.04784, 1.04787, 1.0479, 1.04793, 1.04797, 1.048, 1.04804, 1.04808, 1.04812, 1.04817, 1.04822, 1.04827, 1.04832, 1.04838, 1.04844, 1.04851, 1.04858, 1.04865, 1.04873, 1.04882, 1.04891, 1.04901, 1.04912, 1.04924, 1.04936, 1.0495, 1.04965, 1.04982, 1.05, 1.0502, 1.05042, 1.05066, 1.05093, 1.05124, 1.05158, 1.05196, 1.0524, 1.05289, 1.05347, 1.05413, 1.05491, 1.05583, 1.05693

Aerogel tile 42
1.05067, 1.05068, 1.05069, 1.0507, 1.05071, 1.05072, 1.05073, 1.05075, 1.05076, 1.05077, 1.05078, 1.0508, 1.05081, 1.05083, 1.05084, 1.05086, 1.05087, 1.05089, 1.05091, 1.05093, 1.05095, 1.05097, 1.05099, 1.05101, 1.05103, 1.05106, 1.05108, 1.05111, 1.05114, 1.05117, 1.0512, 1.05123, 1.05126, 1.0513, 1.05134, 1.05138, 1.05142, 1.05147, 1.05152, 1.05157, 1.05162, 1.05168, 1.05174, 1.05181, 1.05188, 1.05195, 1.05203, 1.05212, 1.05221, 1.05231, 1.05242, 1.05254, 1.05266, 1.0528, 1.05295, 1.05312, 1.0533, 1.0535, 1.05372, 1.05397, 1.05424, 1.05454, 1.05488, 1.05527, 1.05571, 1.05621, 1.05678, 1.05745, 1.05823, 1.05915, 1.06025

Aerogel tile 43
1.05046, 1.05047, 1.05048, 1.05049, 1.0505, 1.05051, 1.05053, 1.05054, 1.05055, 1.05056, 1.05057, 1.05059, 1.0506, 1.05062, 1.05063, 1.05065, 1.05066, 1.05068, 1.0507, 1.05072, 1.05074, 1.05076, 1.05078, 1.0508, 1.05082, 1.05085, 1.05087, 1.0509, 1.05093, 1.05096, 1.05099, 1.05102, 1.05105, 1.05109, 1.05113, 1.05117, 1.05121, 1.05126, 1.05131, 1.05136, 1.05141, 1.05147, 1.05153, 1.0516, 1.05167, 1.05174, 1.05182, 1.05191, 1.052, 1.0521, 1.05221, 1.05233, 1.05245, 1.05259, 1.05274, 1.05291, 1.05309, 1.05329, 1.05351, 1.05376, 1.05403, 1.05433, 1.05467, 1.05506, 1.0555, 1.056, 1.05657, 1.05724, 1.05802, 1.05894, 1.06004

Aerogel tile 44
1.04947, 1.04947, 1.04948, 1.04949, 1.0495, 1.04952, 1.04953, 1.04954, 1.04955, 1.04956, 1.04958, 1.04959, 1.0496, 1.04962, 1.04963, 1.04965, 1.04966, 1.04968, 1.0497, 1.04972, 1.04974, 1.04976, 1.04978, 1.0498, 1.04982, 1.04985, 1.04987, 1.0499, 1.04993, 1.04996, 1.04999, 1.05002, 1.05006, 1.05009, 1.05013, 1.05017, 1.05021, 1.05026, 1.05031, 1.05036, 1.05041, 1.05047, 1.05053, 1.0506, 1.05067, 1.05074, 1.05082, 1.05091, 1.051, 1.0511, 1.05121, 1.05133, 1.05145, 1.05159, 1.05174, 1.05191, 1.05209, 1.05229, 1.05251, 1.05275, 1.05303, 1.05333, 1.05367, 1.05406, 1.05449, 1.05499, 1.05557, 1.05623, 1.05701, 1.05793, 1.05903

Aerogel tile 45
1.04786, 1.04787, 1.04788, 1.04789, 1.0479, 1.04791, 1.04792, 1.04793, 1.04794, 1.04795, 1.04797, 1.04798, 1.048, 1.04801, 1.04802, 1.04804, 1.04806, 1.04807, 1.04809, 1.04811, 1.04813, 1.04815, 1.04817, 1.04819, 1.04822, 1.04824, 1.04827, 1.04829, 1.04832, 1.04835, 1.04838, 1.04841, 1.04845, 1.04848, 1.04852, 1.04856, 1.0486, 1.04865, 1.0487, 1.04875, 1.0488, 1.04886, 1.04892, 1.04899, 1.04906, 1.04913, 1.04921, 1.0493, 1.04939, 1.04949, 1.0496, 1.04972, 1.04984, 1.04998, 1.05013, 1.0503, 1.05048, 1.05068, 1.0509, 1.05114, 1.05141, 1.05172, 1.05206, 1.05244, 1.05288, 1.05338, 1.05395, 1.05461, 1.05539, 1.05631, 1.05741

Aerogel tile 46
1.04803, 1.04804, 1.04805, 1.04806, 1.04807, 1.04808, 1.04809, 1.0481, 1.04811, 1.04812, 1.04814, 1.04815, 1.04816, 1.04818, 1.04819, 1.04821, 1.04823, 1.04824, 1.04826, 1.04828, 1.0483, 1.04832, 1.04834, 1.04836, 1.04839, 1.04841, 1.04844, 1.04846, 1.04849, 1.04852, 1.04855, 1.04858, 1.04862, 1.04865, 1.04869, 1.04873, 1.04877, 1.04882, 1.04887, 1.04892, 1.04897, 1.04903, 1.04909, 1.04916, 1.04923, 1.0493, 1.04938, 1.04947, 1.04956, 1.04966, 1.04977, 1.04989, 1.05001, 1.05015, 1.0503, 1.05047, 1.05065, 1.05085, 1.05107, 1.05131, 1.05158, 1.05189, 1.05223, 1.05261, 1.05305, 1.05355, 1.05412, 1.05479, 1.05556, 1.05648, 1.05758

Aerogel tile 47
1.05046, 1.05047, 1.05048, 1.05049, 1.0505, 1.05051, 1.05053, 1.05054, 1.05055, 1.05056, 1.05057, 1.05059, 1.0506, 1.05062, 1.05063, 1.05065, 1.05066, 1.05068, 1.0507, 1.05072, 1.05074, 1.05076, 1.05078, 1.0508, 1.05082, 1.05085, 1.05087, 1.0509, 1.05093, 1.05096, 1.05099, 1.05102, 1.05105, 1.05109, 1.05113, 1.05117, 1.05121, 1.05126, 1.05131, 1.05136, 1.05141, 1.05147, 1.05153, 1.0516, 1.05167, 1.05174, 1.05182, 1.05191, 1.052, 1.0521, 1.05221, 1.05233, 1.05245, 1.05259, 1.05274, 1.05291, 1.05309, 1.05329, 1.05351, 1.05376, 1.05403, 1.05433, 1.05467, 1.05506, 1.0555, 1.056, 1.05657, 1.05724, 1.05802, 1.05894, 1.06004

Aerogel tile 48
1.04903, 1.04904, 1.04904, 1.04905, 1.04907, 1.04908, 1.04909, 1.0491, 1.04911, 1.04912, 1.04914, 1.04915, 1.04916, 1.04918, 1.04919, 1.04921, 1.04923, 1.04924, 1.04926, 1.04928, 1.0493, 1.04932, 1.04934, 1.04936, 1.04938, 1.04941, 1.04943, 1.04946, 1.04949, 1.04952, 1.04955, 1.04958, 1.04962, 1.04965, 1.04969, 1.04973, 1.04977, 1.04982, 1.04987, 1.04992, 1.04997, 1.05003, 1.05009, 1.05016, 1.05023, 1.0503, 1.05038, 1.05047, 1.05056, 1.05066, 1.05077, 1.05089, 1.05101, 1.05115, 1.0513, 1.05147, 1.05165, 1.05185, 1.05207, 1.05231, 1.05258, 1.05289, 1.05323, 1.05361, 1.05405, 1.05455, 1.05512, 1.05579, 1.05657, 1.05749, 1.05859

Aerogel tile 49
1.04901, 1.04902, 1.04902, 1.04903, 1.04905, 1.04906, 1.04907, 1.04908, 1.04909, 1.0491, 1.04912, 1.04913, 1.04914, 1.04916, 1.04917, 1.04919, 1.04921, 1.04922, 1.04924, 1.04926, 1.04928, 1.0493, 1.04932, 1.04934, 1.04936, 1.04939, 1.04941, 1.04944, 1.04947, 1.0495, 1.04953, 1.04956, 1.0496, 1.04963, 1.04967, 1.04971, 1.04975, 1.0498, 1.04985, 1.0499, 1.04995, 1.05001, 1.05007, 1.05014, 1.05021, 1.05028, 1.05036, 1.05045, 1.05054, 1.05064, 1.05075, 1.05087, 1.05099, 1.05113, 1.05128, 1.05145, 1.05163, 1.05183, 1.05205, 1.05229, 1.05256, 1.05287, 1.05321, 1.05359, 1.05403, 1.05453, 1.0551, 1.05577, 1.05655, 1.05747, 1.05857

Aerogel tile 50
1.04745, 1.04746, 1.04747, 1.04748, 1.04749, 1.0475, 1.04751, 1.04752, 1.04753, 1.04755, 1.04756, 1.04757, 1.04759, 1.0476, 1.04762, 1.04763, 1.04765, 1.04766, 1.04768, 1.0477, 1.04772, 1.04774, 1.04776, 1.04778, 1.04781, 1.04783, 1.04786, 1.04788, 1.04791, 1.04794, 1.04797, 1.048, 1.04804, 1.04807, 1.04811, 1.04815, 1.04819, 1.04824, 1.04829, 1.04834, 1.04839, 1.04845, 1.04851, 1.04858, 1.04865, 1.04872, 1.0488, 1.04889, 1.04898, 1.04908, 1.04919, 1.04931, 1.04943, 1.04957, 1.04972, 1.04989, 1.05007, 1.05027, 1.05049, 1.05073, 1.051, 1.05131, 1.05165, 1.05203, 1.05247, 1.05296, 1.05354, 1.0542, 1.05498, 1.0559, 1.057

Aerogel tile 51
1.04859, 1.0486, 1.04861, 1.04862, 1.04863, 1.04864, 1.04865, 1.04866, 1.04867, 1.04868, 1.0487, 1.04871, 1.04872, 1.04874, 1.04875, 1.04877, 1.04879, 1.0488, 1.04882, 1.04884, 1.04886, 1.04888, 1.0489, 1.04892, 1.04894, 1.04897, 1.04899, 1.04902, 1.04905, 1.04908, 1.04911, 1.04914, 1.04918, 1.04921, 1.04925, 1.04929, 1.04933, 1.04938, 1.04943, 1.04948, 1.04953, 1.04959, 1.04965, 1.04972, 1.04979, 1.04986, 1.04994, 1.05003, 1.05012, 1.05022, 1.05033, 1.05045, 1.05057, 1.05071, 1.05086, 1.05103, 1.05121, 1.05141, 1.05163, 1.05187, 1.05214, 1.05245, 1.05279, 1.05317, 1.05361, 1.05411, 1.05468, 1.05535, 1.05613, 1.05705, 1.05815

Aerogel tile 52
1.04932, 1.04932, 1.04933, 1.04934, 1.04935, 1.04937, 1.04938, 1.04939, 1.0494, 1.04941, 1.04943, 1.04944, 1.04945, 1.04947, 1.04948, 1.0495, 1.04951, 1.04953, 1.04955, 1.04957, 1.04959, 1.04961, 1.04963, 1.04965, 1.04967, 1.0497, 1.04972, 1.04975, 1.04978, 1.04981, 1.04984, 1.04987, 1.04991, 1.04994, 1.04998, 1.05002, 1.05006, 1.05011, 1.05016, 1.05021, 1.05026, 1.05032, 1.05038, 1.05045, 1.05052, 1.05059, 1.05067, 1.05076, 1.05085, 1.05095, 1.05106, 1.05118, 1.0513, 1.05144, 1.05159, 1.05176, 1.05194, 1.05214, 1.05236, 1.0526, 1.05288, 1.05318, 1.05352, 1.05391, 1.05434, 1.05484, 1.05542, 1.05608, 1.05686, 1.05778, 1.05888

Aerogel tile 53
1.04937, 1.04937, 1.04938, 1.04939, 1.0494, 1.04942, 1.04943, 1.04944, 1.04945, 1.04946, 1.04948, 1.04949, 1.0495, 1.04952, 1.04953, 1.04955, 1.04956, 1.04958, 1.0496, 1.04962, 1.04964, 1.04966, 1.04968, 1.0497, 1.04972, 1.04975, 1.04977, 1.0498, 1.04983, 1.04986, 1.04989, 1.04992, 1.04996, 1.04999, 1.05003, 1.05007, 1.05011, 1.05016, 1.05021, 1.05026, 1.05031, 1.05037, 1.05043, 1.0505, 1.05057, 1.05064, 1.05072, 1.05081, 1.0509, 1.051, 1.05111, 1.05123, 1.05135, 1.05149, 1.05164, 1.05181, 1.05199, 1.05219, 1.05241, 1.05265, 1.05293, 1.05323, 1.05357, 1.05396, 1.05439, 1.05489, 1.05547, 1.05613, 1.05691, 1.05783, 1.05893

Aerogel tile 54
1.04709, 1.0471, 1.04711, 1.04712, 1.04713, 1.04714, 1.04715, 1.04716, 1.04717, 1.04719, 1.0472, 1.04721, 1.04723, 1.04724, 1.04726, 1.04727, 1.04729, 1.0473, 1.04732, 1.04734, 1.04736, 1.04738, 1.0474, 1.04742, 1.04745, 1.04747, 1.0475, 1.04752, 1.04755, 1.04758, 1.04761, 1.04764, 1.04768, 1.04771, 1.04775, 1.04779, 1.04784, 1.04788, 1.04793, 1.04798, 1.04803, 1.04809, 1.04815, 1.04822, 1.04829, 1.04836, 1.04844, 1.04853, 1.04862, 1.04872, 1.04883, 1.04895, 1.04907, 1.04921, 1.04936, 1.04953, 1.04971, 1.04991, 1.05013, 1.05037, 1.05064, 1.05094, 1.05128, 1.05167, 1.0521, 1.0526, 1.05318, 1.05384, 1.05462, 1.05554, 1.05664

Aerogel tile 55
1.04889, 1.0489, 1.04891, 1.04892, 1.04893, 1.04894, 1.04895, 1.04896, 1.04897, 1.04898, 1.049, 1.04901, 1.04902, 1.04904, 1.04905, 1.04907, 1.04909, 1.0491, 1.04912, 1.04914, 1.04916, 1.04918, 1.0492, 1.04922, 1.04924, 1.04927, 1.04929, 1.04932, 1.04935, 1.04938, 1.04941, 1.04944, 1.04948, 1.04951, 1.04955, 1.04959, 1.04963, 1.04968, 1.04973, 1.04978, 1.04983, 1.04989, 1.04995, 1.05002, 1.05009, 1.05016, 1.05024, 1.05033, 1.05042, 1.05052, 1.05063, 1.05075, 1.05087, 1.05101, 1.05116, 1.05133, 1.05151, 1.05171, 1.05193, 1.05217, 1.05244, 1.05275, 1.05309, 1.05347, 1.05391, 1.05441, 1.05498, 1.05565, 1.05643, 1.05735, 1.05845

Aerogel tile 56
1.04843, 1.04844, 1.04845, 1.04846, 1.04847, 1.04848, 1.04849, 1.0485, 1.04851, 1.04852, 1.04854, 1.04855, 1.04856, 1.04858, 1.04859, 1.04861, 1.04863, 1.04864, 1.04866, 1.04868, 1.0487, 1.04872, 1.04874, 1.04876, 1.04879, 1.04881, 1.04883, 1.04886, 1.04889, 1.04892, 1.04895, 1.04898, 1.04902, 1.04905, 1.04909, 1.04913, 1.04917, 1.04922, 1.04927, 1.04932, 1.04937, 1.04943, 1.04949, 1.04956, 1.04963, 1.0497, 1.04978, 1.04987, 1.04996, 1.05006, 1.05017, 1.05029, 1.05041, 1.05055, 1.0507, 1.05087, 1.05105, 1.05125, 1.05147, 1.05171, 1.05198, 1.05229, 1.05263, 1.05301, 1.05345, 1.05395, 1.05452, 1.05519, 1.05597, 1.05689, 1.05799

Aerogel tile 57
1.05048, 1.05049, 1.0505, 1.05051, 1.05052, 1.05053, 1.05055, 1.05056, 1.05057, 1.05058, 1.05059, 1.05061, 1.05062, 1.05064, 1.05065, 1.05067, 1.05068, 1.0507, 1.05072, 1.05074, 1.05076, 1.05078, 1.0508, 1.05082, 1.05084, 1.05087, 1.05089, 1.05092, 1.05095, 1.05098, 1.05101, 1.05104, 1.05107, 1.05111, 1.05115, 1.05119, 1.05123, 1.05128, 1.05133, 1.05138, 1.05143, 1.05149, 1.05155, 1.05162, 1.05169, 1.05176, 1.05184, 1.05193, 1.05202, 1.05212, 1.05223, 1.05235, 1.05247, 1.05261, 1.05276, 1.05293, 1.05311, 1.05331, 1.05353, 1.05378, 1.05405, 1.05435, 1.05469, 1.05508, 1.05552, 1.05602, 1.05659, 1.05726, 1.05804, 1.05896, 1.06006

Aerogel tile 58
1.04839, 1.0484, 1.04841, 1.04842, 1.04843, 1.04844, 1.04845, 1.04846, 1.04847, 1.04848, 1.0485, 1.04851, 1.04852, 1.04854, 1.04855, 1.04857, 1.04859, 1.0486, 1.04862, 1.04864, 1.04866, 1.04868, 1.0487, 1.04872, 1.04875, 1.04877, 1.04879, 1.04882, 1.04885, 1.04888, 1.04891, 1.04894, 1.04898, 1.04901, 1.04905, 1.04909, 1.04913, 1.04918, 1.04923, 1.04928, 1.04933, 1.04939, 1.04945, 1.04952, 1.04959, 1.04966, 1.04974, 1.04983, 1.04992, 1.05002, 1.05013, 1.05025, 1.05037, 1.05051, 1.05066, 1.05083, 1.05101, 1.05121, 1.05143, 1.05167, 1.05194, 1.05225, 1.05259, 1.05297, 1.05341, 1.05391, 1.05448, 1.05515, 1.05593, 1.05685, 1.05795

Aerogel tile 59
1.04897, 1.04898, 1.04898, 1.04899, 1.04901, 1.04902, 1.04903, 1.04904, 1.04905, 1.04906, 1.04908, 1.04909, 1.0491, 1.04912, 1.04913, 1.04915, 1.04917, 1.04918, 1.0492, 1.04922, 1.04924, 1.04926, 1.04928, 1.0493, 1.04932, 1.04935, 1.04937, 1.0494, 1.04943, 1.04946, 1.04949, 1.04952, 1.04956, 1.04959, 1.04963, 1.04967, 1.04971, 1.04976, 1.04981, 1.04986, 1.04991, 1.04997, 1.05003, 1.0501, 1.05017, 1.05024, 1.05032, 1.05041, 1.0505, 1.0506, 1.05071, 1.05083, 1.05095, 1.05109, 1.05124, 1.05141, 1.05159, 1.05179, 1.05201, 1.05225, 1.05252, 1.05283, 1.05317, 1.05355, 1.05399, 1.05449, 1.05506, 1.05573, 1.05651, 1.05743, 1.05853

Aerogel tile 60
1.04693, 1.04694, 1.04695, 1.04696, 1.04697, 1.04698, 1.04699, 1.047, 1.04701, 1.04703, 1.04704, 1.04705, 1.04707, 1.04708, 1.0471, 1.04711, 1.04713, 1.04714, 1.04716, 1.04718, 1.0472, 1.04722, 1.04724, 1.04726, 1.04729, 1.04731, 1.04734, 1.04736, 1.04739, 1.04742, 1.04745, 1.04748, 1.04752, 1.04755, 1.04759, 1.04763, 1.04768, 1.04772, 1.04777, 1.04782, 1.04787, 1.04793, 1.04799, 1.04806, 1.04813, 1.0482, 1.04828, 1.04837, 1.04846, 1.04856, 1.04867, 1.04879, 1.04891, 1.04905, 1.0492, 1.04937, 1.04955, 1.04975, 1.04997, 1.05021, 1.05048, 1.05078, 1.05112, 1.05151, 1.05194, 1.05244, 1.05302, 1.05368, 1.05446, 1.05538, 1.05648

Aerogel tile 61
1.04943, 1.04943, 1.04944, 1.04945, 1.04946, 1.04948, 1.04949, 1.0495, 1.04951, 1.04952, 1.04954, 1.04955, 1.04956, 1.04958, 1.04959, 1.04961, 1.04962, 1.04964, 1.04966, 1.04968, 1.0497, 1.04972, 1.04974, 1.04976, 1.04978, 1.04981, 1.04983, 1.04986, 1.04989, 1.04992, 1.04995, 1.04998, 1.05002, 1.05005, 1.05009, 1.05013, 1.05017, 1.05022, 1.05027, 1.05032, 1.05037, 1.05043, 1.05049, 1.05056, 1.05063, 1.0507, 1.05078, 1.05087, 1.05096, 1.05106, 1.05117, 1.05129, 1.05141, 1.05155, 1.0517, 1.05187, 1.05205, 1.05225, 1.05247, 1.05271, 1.05299, 1.05329, 1.05363, 1.05402, 1.05445, 1.05495, 1.05553, 1.05619, 1.05697, 1.05789, 1.05899

Aerogel tile 62
1.04776, 1.04777, 1.04778, 1.04779, 1.0478, 1.04781, 1.04782, 1.04783, 1.04784, 1.04785, 1.04787, 1.04788, 1.0479, 1.04791, 1.04792, 1.04794, 1.04796, 1.04797, 1.04799, 1.04801, 1.04803, 1.04805, 1.04807, 1.04809, 1.04812, 1.04814, 1.04817, 1.04819, 1.04822, 1.04825, 1.04828, 1.04831, 1.04835, 1.04838, 1.04842, 1.04846, 1.0485, 1.04855, 1.0486, 1.04865, 1.0487, 1.04876, 1.04882, 1.04889, 1.04896, 1.04903, 1.04911, 1.0492, 1.04929, 1.04939, 1.0495, 1.04962, 1.04974, 1.04988, 1.05003, 1.0502, 1.05038, 1.05058, 1.0508, 1.05104, 1.05131, 1.05162, 1.05196, 1.05234, 1.05278, 1.05328, 1.05385, 1.05451, 1.05529, 1.05621, 1.05731

Aerogel tile 63
1.04826, 1.04827, 1.04828, 1.04829, 1.0483, 1.04831, 1.04832, 1.04833, 1.04834, 1.04835, 1.04837, 1.04838, 1.04839, 1.04841, 1.04842, 1.04844, 1.04846, 1.04847, 1.04849, 1.04851, 1.04853, 1.04855, 1.04857, 1.04859, 1.04862, 1.04864, 1.04866, 1.04869, 1.04872, 1.04875, 1.04878, 1.04881, 1.04885, 1.04888, 1.04892, 1.04896, 1.049, 1.04905, 1.0491, 1.04915, 1.0492, 1.04926, 1.04932, 1.04939, 1.04946, 1.04953, 1.04961, 1.0497, 1.04979, 1.04989, 1.05, 1.05012, 1.05024, 1.05038, 1.05053, 1.0507, 1.05088, 1.05108, 1.0513, 1.05154, 1.05181, 1.05212, 1.05246, 1.05284, 1.05328, 1.05378, 1.05435, 1.05502, 1.0558, 1.05672, 1.05782

Aerogel tile 64
1.04661, 1.04662, 1.04663, 1.04664, 1.04665, 1.04666, 1.04667, 1.04668, 1.04669, 1.04671, 1.04672, 1.04673, 1.04675, 1.04676, 1.04678, 1.04679, 1.04681, 1.04683, 1.04684, 1.04686, 1.04688, 1.0469, 1.04692, 1.04694, 1.04697, 1.04699, 1.04702, 1.04704, 1.04707, 1.0471, 1.04713, 1.04716, 1.0472, 1.04723, 1.04727, 1.04731, 1.04736, 1.0474, 1.04745, 1.0475, 1.04755, 1.04761, 1.04767, 1.04774, 1.04781, 1.04788, 1.04796, 1.04805, 1.04814, 1.04824, 1.04835, 1.04847, 1.04859, 1.04873, 1.04888, 1.04905, 1.04923, 1.04943, 1.04965, 1.04989, 1.05016, 1.05046, 1.0508, 1.05119, 1.05162, 1.05212, 1.05269, 1.05336, 1.05414, 1.05505, 1.05615

Aerogel tile 65
1.04738, 1.04739, 1.0474, 1.04741, 1.04742, 1.04743, 1.04744, 1.04745, 1.04746, 1.04748, 1.04749, 1.0475, 1.04752, 1.04753, 1.04755, 1.04756, 1.04758, 1.04759, 1.04761, 1.04763, 1.04765, 1.04767, 1.04769, 1.04771, 1.04774, 1.04776, 1.04779, 1.04781, 1.04784, 1.04787, 1.0479, 1.04793, 1.04797, 1.048, 1.04804, 1.04808, 1.04812, 1.04817, 1.04822, 1.04827, 1.04832, 1.04838, 1.04844, 1.04851, 1.04858, 1.04865, 1.04873, 1.04882, 1.04891, 1.04901, 1.04912, 1.04924, 1.04936, 1.0495, 1.04965, 1.04982, 1.05, 1.0502, 1.05042, 1.05066, 1.05093, 1.05124, 1.05158, 1.05196, 1.0524, 1.05289, 1.05347, 1.05413, 1.05491, 1.05583, 1.05693

Aerogel tile 66
1.04797, 1.04798, 1.04799, 1.048, 1.04801, 1.04802, 1.04803, 1.04804, 1.04805, 1.04806, 1.04808, 1.04809, 1.0481, 1.04812, 1.04813, 1.04815, 1.04817, 1.04818, 1.0482, 1.04822, 1.04824, 1.04826, 1.04828, 1.0483, 1.04833, 1.04835, 1.04838, 1.0484, 1.04843, 1.04846, 1.04849, 1.04852, 1.04856, 1.04859, 1.04863, 1.04867, 1.04871, 1.04876, 1.04881, 1.04886, 1.04891, 1.04897, 1.04903, 1.0491, 1.04917, 1.04924, 1.04932, 1.04941, 1.0495, 1.0496, 1.04971, 1.04983, 1.04995, 1.05009, 1.05024, 1.05041, 1.05059, 1.05079, 1.05101, 1.05125, 1.05152, 1.05183, 1.05217, 1.05255, 1.05299, 1.05349, 1.05406, 1.05473, 1.0555, 1.05642, 1.05752

Aerogel tile 67
1.05025, 1.05026, 1.05027, 1.05028, 1.05029, 1.0503, 1.05032, 1.05033, 1.05034, 1.05035, 1.05036, 1.05038, 1.05039, 1.05041, 1.05042, 1.05044, 1.05045, 1.05047, 1.05049, 1.05051, 1.05053, 1.05055, 1.05057, 1.05059, 1.05061, 1.05064, 1.05066, 1.05069, 1.05072, 1.05075, 1.05078, 1.05081, 1.05084, 1.05088, 1.05092, 1.05096, 1.051, 1.05105, 1.0511, 1.05115, 1.0512, 1.05126, 1.05132, 1.05139, 1.05146, 1.05153, 1.05161, 1.0517, 1.05179, 1.05189, 1.052, 1.05212, 1.05224, 1.05238, 1.05253, 1.0527, 1.05288, 1.05308, 1.0533, 1.05355, 1.05382, 1.05412, 1.05446, 1.05485, 1.05529, 1.05578, 1.05636, 1.05703, 1.05781, 1.05873, 1.05983

Aerogel tile 68
1.05048, 1.05049, 1.0505, 1.05051, 1.05052, 1.05053, 1.05055, 1.05056, 1.05057, 1.05058, 1.05059, 1.05061, 1.05062, 1.05064, 1.05065, 1.05067, 1.05068, 1.0507, 1.05072, 1.05074, 1.05076, 1.05078, 1.0508, 1.05082, 1.05084, 1.05087, 1.05089, 1.05092, 1.05095, 1.05098, 1.05101, 1.05104, 1.05107, 1.05111, 1.05115, 1.05119, 1.05123, 1.05128, 1.05133, 1.05138, 1.05143, 1.05149, 1.05155, 1.05162, 1.05169, 1.05176, 1.05184, 1.05193, 1.05202, 1.05212, 1.05223, 1.05235, 1.05247, 1.05261, 1.05276, 1.05293, 1.05311, 1.05331, 1.05353, 1.05378, 1.05405, 1.05435, 1.05469, 1.05508, 1.05552, 1.05602, 1.05659, 1.05726, 1.05804, 1.05896, 1.06006

Aerogel tile 69
1.04774, 1.04775, 1.04776, 1.04777, 1.04778, 1.04779, 1.0478, 1.04781, 1.04782, 1.04784, 1.04785, 1.04786, 1.04788, 1.04789, 1.0479, 1.04792, 1.04794, 1.04795, 1.04797, 1.04799, 1.04801, 1.04803, 1.04805, 1.04807, 1.0481, 1.04812, 1.04815, 1.04817, 1.0482, 1.04823, 1.04826, 1.04829, 1.04833, 1.04836, 1.0484, 1.04844, 1.04848, 1.04853, 1.04858, 1.04863, 1.04868, 1.04874, 1.0488, 1.04887, 1.04894, 1.04901, 1.04909, 1.04918, 1.04927, 1.04937, 1.04948, 1.0496, 1.04972, 1.04986, 1.05001, 1.05018, 1.05036, 1.05056, 1.05078, 1.05102, 1.05129, 1.0516, 1.05194, 1.05232, 1.05276, 1.05326, 1.05383, 1.05449, 1.05527, 1.05619, 1.05729

Aerogel tile 70
1.0463, 1.04631, 1.04632, 1.04633, 1.04634, 1.04635, 1.04636, 1.04637, 1.04638, 1.0464, 1.04641, 1.04642, 1.04644, 1.04645, 1.04647, 1.04648, 1.0465, 1.04652, 1.04653, 1.04655, 1.04657, 1.04659, 1.04661, 1.04663, 1.04666, 1.04668, 1.04671, 1.04673, 1.04676, 1.04679, 1.04682, 1.04685, 1.04689, 1.04692, 1.04696, 1.047, 1.04705, 1.04709, 1.04714, 1.04719, 1.04724, 1.0473, 1.04736, 1.04743, 1.0475, 1.04757, 1.04765, 1.04774, 1.04783, 1.04793, 1.04804, 1.04816, 1.04828, 1.04842, 1.04857, 1.04874, 1.04892, 1.04912, 1.04934, 1.04958, 1.04985, 1.05015, 1.05049, 1.05088, 1.05131, 1.05181, 1.05238, 1.05305, 1.05382, 1.05474, 1.05584

Aerogel tile 71
1.04834, 1.04835, 1.04836, 1.04837, 1.04838, 1.04839, 1.0484, 1.04841, 1.04842, 1.04843, 1.04845, 1.04846, 1.04847, 1.04849, 1.0485, 1.04852, 1.04854, 1.04855, 1.04857, 1.04859, 1.04861, 1.04863, 1.04865, 1.04867, 1.0487, 1.04872, 1.04874, 1.04877, 1.0488, 1.04883, 1.04886, 1.04889, 1.04893, 1.04896, 1.049, 1.04904, 1.04908, 1.04913, 1.04918, 1.04923, 1.04928, 1.04934, 1.0494, 1.04947, 1.04954, 1.04961, 1.04969, 1.04978, 1.04987, 1.04997, 1.05008, 1.0502, 1.05032, 1.05046, 1.05061, 1.05078, 1.05096, 1.05116, 1.05138, 1.05162, 1.05189, 1.0522, 1.05254, 1.05292, 1.05336, 1.05386, 1.05443, 1.0551, 1.05588, 1.0568, 1.0579

Aerogel tile 72
1.05046, 1.05047, 1.05048, 1.05049, 1.0505, 1.05051, 1.05053, 1.05054, 1.05055, 1.05056, 1.05057, 1.05059, 1.0506, 1.05062, 1.05063, 1.05065, 1.05066, 1.05068, 1.0507, 1.05072, 1.05074, 1.05076, 1.05078, 1.0508, 1.05082, 1.05085, 1.05087, 1.0509, 1.05093, 1.05096, 1.05099, 1.05102, 1.05105, 1.05109, 1.05113, 1.05117, 1.05121, 1.05126, 1.05131, 1.05136, 1.05141, 1.05147, 1.05153, 1.0516, 1.05167, 1.05174, 1.05182, 1.05191, 1.052, 1.0521, 1.05221, 1.05233, 1.05245, 1.05259, 1.05274, 1.05291, 1.05309, 1.05329, 1.05351, 1.05376, 1.05403, 1.05433, 1.05467, 1.05506, 1.0555, 1.056, 1.05657, 1.05724, 1.05802, 1.05894, 1.06004

Aerogel tile 73
1.05046, 1.05047, 1.05048, 1.05049, 1.0505, 1.05051, 1.05053, 1.05054, 1.05055, 1.05056, 1.05057, 1.05059, 1.0506, 1.05062, 1.05063, 1.05065, 1.05066, 1.05068, 1.0507, 1.05072, 1.05074, 1.05076, 1.05078, 1.0508, 1.05082, 1.05085, 1.05087, 1.0509, 1.05093, 1.05096, 1.05099, 1.05102, 1.05105, 1.05109, 1.05113, 1.05117, 1.05121, 1.05126, 1.05131, 1.05136, 1.05141, 1.05147, 1.05153, 1.0516, 1.05167, 1.05174, 1.05182, 1.05191, 1.052, 1.0521, 1.05221, 1.05233, 1.05245, 1.05259, 1.05274, 1.05291, 1.05309, 1.05329, 1.05351, 1.05376, 1.05403, 1.05433, 1.05467, 1.05506, 1.0555, 1.056, 1.05657, 1.05724, 1.05802, 1.05894, 1.06004

Aerogel tile 74
1.05004, 1.05005, 1.05006, 1.05007, 1.05008, 1.05009, 1.05011, 1.05012, 1.05013, 1.05014, 1.05015, 1.05017, 1.05018, 1.0502, 1.05021, 1.05023, 1.05024, 1.05026, 1.05028, 1.0503, 1.05032, 1.05034, 1.05036, 1.05038, 1.0504, 1.05043, 1.05045, 1.05048, 1.05051, 1.05054, 1.05057, 1.0506, 1.05063, 1.05067, 1.05071, 1.05075, 1.05079, 1.05084, 1.05089, 1.05094, 1.05099, 1.05105, 1.05111, 1.05118, 1.05125, 1.05132, 1.0514, 1.05149, 1.05158, 1.05168, 1.05179, 1.05191, 1.05203, 1.05217, 1.05232, 1.05249, 1.05267, 1.05287, 1.05309, 1.05333, 1.05361, 1.05391, 1.05425, 1.05464, 1.05507, 1.05557, 1.05615, 1.05682, 1.0576, 1.05852, 1.05962

Aerogel tile 75
1.04745, 1.04746, 1.04747, 1.04748, 1.04749, 1.0475, 1.04751, 1.04752, 1.04753, 1.04755, 1.04756, 1.04757, 1.04759, 1.0476, 1.04762, 1.04763, 1.04765, 1.04766, 1.04768, 1.0477, 1.04772, 1.04774, 1.04776, 1.04778, 1.04781, 1.04783, 1.04786, 1.04788, 1.04791, 1.04794, 1.04797, 1.048, 1.04804, 1.04807, 1.04811, 1.04815, 1.04819, 1.04824, 1.04829, 1.04834, 1.04839, 1.04845, 1.04851, 1.04858, 1.04865, 1.04872, 1.0488, 1.04889, 1.04898, 1.04908, 1.04919, 1.04931, 1.04943, 1.04957, 1.04972, 1.04989, 1.05007, 1.05027, 1.05049, 1.05073, 1.051, 1.05131, 1.05165, 1.05203, 1.05247, 1.05296, 1.05354, 1.0542, 1.05498, 1.0559, 1.057

Aerogel tile 76
1.04853, 1.04854, 1.04855, 1.04856, 1.04857, 1.04858, 1.04859, 1.0486, 1.04861, 1.04862, 1.04864, 1.04865, 1.04866, 1.04868, 1.04869, 1.04871, 1.04873, 1.04874, 1.04876, 1.04878, 1.0488, 1.04882, 1.04884, 1.04886, 1.04888, 1.04891, 1.04893, 1.04896, 1.04899, 1.04902, 1.04905, 1.04908, 1.04912, 1.04915, 1.04919, 1.04923, 1.04927, 1.04932, 1.04937, 1.04942, 1.04947, 1.04953, 1.04959, 1.04966, 1.04973, 1.0498, 1.04988, 1.04997, 1.05006, 1.05016, 1.05027, 1.05039, 1.05051, 1.05065, 1.0508, 1.05097, 1.05115, 1.05135, 1.05157, 1.05181, 1.05208, 1.05239, 1.05273, 1.05311, 1.05355, 1.05405, 1.05462, 1.05529, 1.05607, 1.05699, 1.05809

Aerogel tile 77
1.04984, 1.04985, 1.04986, 1.04987, 1.04988, 1.04989, 1.04991, 1.04992, 1.04993, 1.04994, 1.04995, 1.04997, 1.04998, 1.05, 1.05001, 1.05003, 1.05004, 1.05006, 1.05008, 1.0501, 1.05012, 1.05014, 1.05016, 1.05018, 1.0502, 1.05023, 1.05025, 1.05028, 1.05031, 1.05034, 1.05037, 1.0504, 1.05044, 1.05047, 1.05051, 1.05055, 1.05059, 1.05064, 1.05069, 1.05074, 1.05079, 1.05085, 1.05091, 1.05098, 1.05105, 1.05112, 1.0512, 1.05129, 1.05138, 1.05148, 1.05159, 1.05171, 1.05183, 1.05197, 1.05212, 1.05229, 1.05247, 1.05267, 1.05289, 1.05313, 1.05341, 1.05371, 1.05405, 1.05444, 1.05487, 1.05537, 1.05595, 1.05661, 1.05739, 1.05832, 1.05942

Aerogel tile 78
1.04839, 1.0484, 1.04841, 1.04842, 1.04843, 1.04844, 1.04845, 1.04846, 1.04847, 1.04848, 1.0485, 1.04851, 1.04852, 1.04854, 1.04855, 1.04857, 1.04859, 1.0486, 1.04862, 1.04864, 1.04866, 1.04868, 1.0487, 1.04872, 1.04875, 1.04877, 1.04879, 1.04882, 1.04885, 1.04888, 1.04891, 1.04894, 1.04898, 1.04901, 1.04905, 1.04909, 1.04913, 1.04918, 1.04923, 1.04928, 1.04933, 1.04939, 1.04945, 1.04952, 1.04959, 1.04966, 1.04974, 1.04983, 1.04992, 1.05002, 1.05013, 1.05025, 1.05037, 1.05051, 1.05066, 1.05083, 1.05101, 1.05121, 1.05143, 1.05167, 1.05194, 1.05225, 1.05259, 1.05297, 1.05341, 1.05391, 1.05448, 1.05515, 1.05593, 1.05685, 1.05795

Aerogel tile 79
1.04899, 1.049, 1.049, 1.04901, 1.04903, 1.04904, 1.04905, 1.04906, 1.04907, 1.04908, 1.0491, 1.04911, 1.04912, 1.04914, 1.04915, 1.04917, 1.04919, 1.0492, 1.04922, 1.04924, 1.04926, 1.04928, 1.0493, 1.04932, 1.04934, 1.04937, 1.04939, 1.04942, 1.04945, 1.04948, 1.04951, 1.04954, 1.04958, 1.04961, 1.04965, 1.04969, 1.04973, 1.04978, 1.04983, 1.04988, 1.04993, 1.04999, 1.05005, 1.05012, 1.05019, 1.05026, 1.05034, 1.05043, 1.05052, 1.05062, 1.05073, 1.05085, 1.05097, 1.05111, 1.05126, 1.05143, 1.05161, 1.05181, 1.05203, 1.05227, 1.05254, 1.05285, 1.05319, 1.05357, 1.05401, 1.05451, 1.05508, 1.05575, 1.05653, 1.05745, 1.05855

Aerogel tile 80
0.998464, 0.998473, 0.998482, 0.998491, 0.998501, 0.998511, 0.998522, 0.998533, 0.998544, 0.998556, 0.998569, 0.998581, 0.998595, 0.998608, 0.998623, 0.998638, 0.998653, 0.998669, 0.998686, 0.998704, 0.998722, 0.998742, 0.998762, 0.998783, 0.998805, 0.998828, 0.998852, 0.998878, 0.998904, 0.998932, 0.998962, 0.998993, 0.999025, 0.99906, 0.999096, 0.999135, 0.999175, 0.999218, 0.999264, 0.999312, 0.999364, 0.999419, 0.999477, 0.99954, 0.999606, 0.999678, 0.999754, 0.999836, 0.999925, 1.00002, 1.00012, 1.00023, 1.00036, 1.00049, 1.00063, 1.00079, 1.00096, 1.00115, 1.00136, 1.00159, 1.00185, 1.00214, 1.00246, 1.00283, 1.00325, 1.00372, 1.00427, 1.0049, 1.00564, 1.00652, 1.00757

Aerogel tile 81
1.04789, 1.0479, 1.04791, 1.04792, 1.04793, 1.04794, 1.04795, 1.04796, 1.04797, 1.04798, 1.048, 1.04801, 1.04802, 1.04804, 1.04805, 1.04807, 1.04809, 1.0481, 1.04812, 1.04814, 1.04816, 1.04818, 1.0482, 1.04822, 1.04825, 1.04827, 1.0483, 1.04832, 1.04835, 1.04838, 1.04841, 1.04844, 1.04848, 1.04851, 1.04855, 1.04859, 1.04863, 1.04868, 1.04873, 1.04878, 1.04883, 1.04889, 1.04895, 1.04902, 1.04909, 1.04916, 1.04924, 1.04933, 1.04942, 1.04952, 1.04963, 1.04975, 1.04987, 1.05001, 1.05016, 1.05033, 1.05051, 1.05071, 1.05093, 1.05117, 1.05144, 1.05175, 1.05209, 1.05247, 1.05291, 1.05341, 1.05398, 1.05464, 1.05542, 1.05634, 1.05744

Aerogel tile 82
1.04822, 1.04823, 1.04824, 1.04825, 1.04826, 1.04827, 1.04828, 1.04829, 1.0483, 1.04831, 1.04833, 1.04834, 1.04835, 1.04837, 1.04838, 1.0484, 1.04842, 1.04843, 1.04845, 1.04847, 1.04849, 1.04851, 1.04853, 1.04855, 1.04858, 1.0486, 1.04862, 1.04865, 1.04868, 1.04871, 1.04874, 1.04877, 1.04881, 1.04884, 1.04888, 1.04892, 1.04896, 1.04901, 1.04906, 1.04911, 1.04916, 1.04922, 1.04928, 1.04935, 1.04942, 1.04949, 1.04957, 1.04966, 1.04975, 1.04985, 1.04996, 1.05008, 1.0502, 1.05034, 1.05049, 1.05066, 1.05084, 1.05104, 1.05126, 1.0515, 1.05177, 1.05208, 1.05242, 1.0528, 1.05324, 1.05374, 1.05431, 1.05498, 1.05576, 1.05668, 1.05778

Aerogel tile 83
1.05046, 1.05047, 1.05048, 1.05049, 1.0505, 1.05051, 1.05053, 1.05054, 1.05055, 1.05056, 1.05057, 1.05059, 1.0506, 1.05062, 1.05063, 1.05065, 1.05066, 1.05068, 1.0507, 1.05072, 1.05074, 1.05076, 1.05078, 1.0508, 1.05082, 1.05085, 1.05087, 1.0509, 1.05093, 1.05096, 1.05099, 1.05102, 1.05105, 1.05109, 1.05113, 1.05117, 1.05121, 1.05126, 1.05131, 1.05136, 1.05141, 1.05147, 1.05153, 1.0516, 1.05167, 1.05174, 1.05182, 1.05191, 1.052, 1.0521, 1.05221, 1.05233, 1.05245, 1.05259, 1.05274, 1.05291, 1.05309, 1.05329, 1.05351, 1.05376, 1.05403, 1.05433, 1.05467, 1.05506, 1.0555, 1.056, 1.05657, 1.05724, 1.05802, 1.05894, 1.06004

Aerogel tile 84
1.05046, 1.05047, 1.05048, 1.05049, 1.0505, 1.05051, 1.05053, 1.05054, 1.05055, 1.05056, 1.05057, 1.05059, 1.0506, 1.05062, 1.05063, 1.05065, 1.05066, 1.05068, 1.0507, 1.05072, 1.05074, 1.05076, 1.05078, 1.0508, 1.05082, 1.05085, 1.05087, 1.0509, 1.05093, 1.05096, 1.05099, 1.05102, 1.05105, 1.05109, 1.05113, 1.05117, 1.05121, 1.05126, 1.05131, 1.05136, 1.05141, 1.05147, 1.05153, 1.0516, 1.05167, 1.05174, 1.05182, 1.05191, 1.052, 1.0521, 1.05221, 1.05233, 1.05245, 1.05259, 1.05274, 1.05291, 1.05309, 1.05329, 1.05351, 1.05376, 1.05403, 1.05433, 1.05467, 1.05506, 1.0555, 1.056, 1.05657, 1.05724, 1.05802, 1.05894, 1.06004

Aerogel tile 85
1.0478, 1.04781, 1.04782, 1.04783, 1.04784, 1.04785, 1.04786, 1.04787, 1.04788, 1.04789, 1.04791, 1.04792, 1.04794, 1.04795, 1.04796, 1.04798, 1.048, 1.04801, 1.04803, 1.04805, 1.04807, 1.04809, 1.04811, 1.04813, 1.04816, 1.04818, 1.04821, 1.04823, 1.04826, 1.04829, 1.04832, 1.04835, 1.04839, 1.04842, 1.04846, 1.0485, 1.04854, 1.04859, 1.04864, 1.04869, 1.04874, 1.0488, 1.04886, 1.04893, 1.049, 1.04907, 1.04915, 1.04924, 1.04933, 1.04943, 1.04954, 1.04966, 1.04978, 1.04992, 1.05007, 1.05024, 1.05042, 1.05062, 1.05084, 1.05108, 1.05135, 1.05166, 1.052, 1.05238, 1.05282, 1.05332, 1.05389, 1.05455, 1.05533, 1.05625, 1.05735

Aerogel tile 86
1.04889, 1.0489, 1.04891, 1.04892, 1.04893, 1.04894, 1.04895, 1.04896, 1.04897, 1.04898, 1.049, 1.04901, 1.04902, 1.04904, 1.04905, 1.04907, 1.04909, 1.0491, 1.04912, 1.04914, 1.04916, 1.04918, 1.0492, 1.04922, 1.04924, 1.04927, 1.04929, 1.04932, 1.04935, 1.04938, 1.04941, 1.04944, 1.04948, 1.04951, 1.04955, 1.04959, 1.04963, 1.04968, 1.04973, 1.04978, 1.04983, 1.04989, 1.04995, 1.05002, 1.05009, 1.05016, 1.05024, 1.05033, 1.05042, 1.05052, 1.05063, 1.05075, 1.05087, 1.05101, 1.05116, 1.05133, 1.05151, 1.05171, 1.05193, 1.05217, 1.05244, 1.05275, 1.05309, 1.05347, 1.05391, 1.05441, 1.05498, 1.05565, 1.05643, 1.05735, 1.05845

Aerogel tile 87
1.0464, 1.04641, 1.04642, 1.04643, 1.04644, 1.04645, 1.04646, 1.04647, 1.04648, 1.0465, 1.04651, 1.04652, 1.04654, 1.04655, 1.04657, 1.04658, 1.0466, 1.04662, 1.04663, 1.04665, 1.04667, 1.04669, 1.04671, 1.04673, 1.04676, 1.04678, 1.04681, 1.04683, 1.04686, 1.04689, 1.04692, 1.04695, 1.04699, 1.04702, 1.04706, 1.0471, 1.04715, 1.04719, 1.04724, 1.04729, 1.04734, 1.0474, 1.04746, 1.04753, 1.0476, 1.04767, 1.04775, 1.04784, 1.04793, 1.04803, 1.04814, 1.04826, 1.04838, 1.04852, 1.04867, 1.04884, 1.04902, 1.04922, 1.04944, 1.04968, 1.04995, 1.05025, 1.05059, 1.05098, 1.05141, 1.05191, 1.05248, 1.05315, 1.05392, 1.05484, 1.05594

Aerogel tile 88
1.05044, 1.05045, 1.05046, 1.05047, 1.05048, 1.05049, 1.05051, 1.05052, 1.05053, 1.05054, 1.05055, 1.05057, 1.05058, 1.0506, 1.05061, 1.05063, 1.05064, 1.05066, 1.05068, 1.0507, 1.05072, 1.05074, 1.05076, 1.05078, 1.0508, 1.05083, 1.05085, 1.05088, 1.05091, 1.05094, 1.05097, 1.051, 1.05103, 1.05107, 1.05111, 1.05115, 1.05119, 1.05124, 1.05129, 1.05134, 1.05139, 1.05145, 1.05151, 1.05158, 1.05165, 1.05172, 1.0518, 1.05189, 1.05198, 1.05208, 1.05219, 1.05231, 1.05243, 1.05257, 1.05272, 1.05289, 1.05307, 1.05327, 1.05349, 1.05374, 1.05401, 1.05431, 1.05465, 1.05504, 1.05548, 1.05598, 1.05655, 1.05722, 1.058, 1.05892, 1.06002

Aerogel tile 89
1.04901, 1.04902, 1.04902, 1.04903, 1.04905, 1.04906, 1.04907, 1.04908, 1.04909, 1.0491, 1.04912, 1.04913, 1.04914, 1.04916, 1.04917, 1.04919, 1.04921, 1.04922, 1.04924, 1.04926, 1.04928, 1.0493, 1.04932, 1.04934, 1.04936, 1.04939, 1.04941, 1.04944, 1.04947, 1.0495, 1.04953, 1.04956, 1.0496, 1.04963, 1.04967, 1.04971, 1.04975, 1.0498, 1.04985, 1.0499, 1.04995, 1.05001, 1.05007, 1.05014, 1.05021, 1.05028, 1.05036, 1.05045, 1.05054, 1.05064, 1.05075, 1.05087, 1.05099, 1.05113, 1.05128, 1.05145, 1.05163, 1.05183, 1.05205, 1.05229, 1.05256, 1.05287, 1.05321, 1.05359, 1.05403, 1.05453, 1.0551, 1.05577, 1.05655, 1.05747, 1.05857

Aerogel tile 90
1.0488, 1.04881, 1.04882, 1.04883, 1.04884, 1.04885, 1.04886, 1.04887, 1.04888, 1.04889, 1.04891, 1.04892, 1.04893, 1.04895, 1.04896, 1.04898, 1.049, 1.04901, 1.04903, 1.04905, 1.04907, 1.04909, 1.04911, 1.04913, 1.04915, 1.04918, 1.0492, 1.04923, 1.04926, 1.04929, 1.04932, 1.04935, 1.04939, 1.04942, 1.04946, 1.0495, 1.04954, 1.04959, 1.04964, 1.04969, 1.04974, 1.0498, 1.04986, 1.04993, 1.05, 1.05007, 1.05015, 1.05024, 1.05033, 1.05043, 1.05054, 1.05066, 1.05078, 1.05092, 1.05107, 1.05124, 1.05142, 1.05162, 1.05184, 1.05208, 1.05235, 1.05266, 1.053, 1.05338, 1.05382, 1.05432, 1.05489, 1.05556, 1.05634, 1.05726, 1.05836

Aerogel tile 91
1.04617, 1.04618, 1.04619, 1.0462, 1.04621, 1.04622, 1.04623, 1.04624, 1.04625, 1.04627, 1.04628, 1.04629, 1.04631, 1.04632, 1.04634, 1.04635, 1.04637, 1.04639, 1.0464, 1.04642, 1.04644, 1.04646, 1.04648, 1.0465, 1.04653, 1.04655, 1.04658, 1.0466, 1.04663, 1.04666, 1.04669, 1.04672, 1.04676, 1.04679, 1.04683, 1.04687, 1.04692, 1.04696, 1.04701, 1.04706, 1.04711, 1.04717, 1.04723, 1.0473, 1.04737, 1.04744, 1.04752, 1.04761, 1.0477, 1.0478, 1.04791, 1.04803, 1.04815, 1.04829, 1.04844, 1.04861, 1.04879, 1.04899, 1.04921, 1.04945, 1.04972, 1.05002, 1.05036, 1.05075, 1.05118, 1.05168, 1.05225, 1.05292, 1.05369, 1.05461, 1.05571

Aerogel tile 92
1.04922, 1.04922, 1.04923, 1.04924, 1.04925, 1.04927, 1.04928, 1.04929, 1.0493, 1.04931, 1.04933, 1.04934, 1.04935, 1.04937, 1.04938, 1.0494, 1.04941, 1.04943, 1.04945, 1.04947, 1.04949, 1.04951, 1.04953, 1.04955, 1.04957, 1.0496, 1.04962, 1.04965, 1.04968, 1.04971, 1.04974, 1.04977, 1.04981, 1.04984, 1.04988, 1.04992, 1.04996, 1.05001, 1.05006, 1.05011, 1.05016, 1.05022, 1.05028, 1.05035, 1.05042, 1.05049, 1.05057, 1.05066, 1.05075, 1.05085, 1.05096, 1.05108, 1.0512, 1.05134, 1.05149, 1.05166, 1.05184, 1.05204, 1.05226, 1.0525, 1.05278, 1.05308, 1.05342, 1.0538, 1.05424, 1.05474, 1.05532, 1.05598, 1.05676, 1.05768, 1.05878

Aerogel tile 93
1.04839, 1.0484, 1.04841, 1.04842, 1.04843, 1.04844, 1.04845, 1.04846, 1.04847, 1.04848, 1.0485, 1.04851, 1.04852, 1.04854, 1.04855, 1.04857, 1.04859, 1.0486, 1.04862, 1.04864, 1.04866, 1.04868, 1.0487, 1.04872, 1.04875, 1.04877, 1.04879, 1.04882, 1.04885, 1.04888, 1.04891, 1.04894, 1.04898, 1.04901, 1.04905, 1.04909, 1.04913, 1.04918, 1.04923, 1.04928, 1.04933, 1.04939, 1.04945, 1.04952, 1.04959, 1.04966, 1.04974, 1.04983, 1.04992, 1.05002, 1.05013, 1.05025, 1.05037, 1.05051, 1.05066, 1.05083, 1.05101, 1.05121, 1.05143, 1.05167, 1.05194, 1.05225, 1.05259, 1.05297, 1.05341, 1.05391, 1.05448, 1.05515, 1.05593, 1.05685, 1.05795

Aerogel tile 94
1.04922, 1.04922, 1.04923, 1.04924, 1.04925, 1.04927, 1.04928, 1.04929, 1.0493, 1.04931, 1.04933, 1.04934, 1.04935, 1.04937, 1.04938, 1.0494, 1.04941, 1.04943, 1.04945, 1.04947, 1.04949, 1.04951, 1.04953, 1.04955, 1.04957, 1.0496, 1.04962, 1.04965, 1.04968, 1.04971, 1.04974, 1.04977, 1.04981, 1.04984, 1.04988, 1.04992, 1.04996, 1.05001, 1.05006, 1.05011, 1.05016, 1.05022, 1.05028, 1.05035, 1.05042, 1.05049, 1.05057, 1.05066, 1.05075, 1.05085, 1.05096, 1.05108, 1.0512, 1.05134, 1.05149, 1.05166, 1.05184, 1.05204, 1.05226, 1.0525, 1.05278, 1.05308, 1.05342, 1.0538, 1.05424, 1.05474, 1.05532, 1.05598, 1.05676, 1.05768, 1.05878

Aerogel tile 95
1.0467, 1.04671, 1.04672, 1.04673, 1.04674, 1.04675, 1.04676, 1.04677, 1.04678, 1.0468, 1.04681, 1.04682, 1.04684, 1.04685, 1.04687, 1.04688, 1.0469, 1.04692, 1.04693, 1.04695, 1.04697, 1.04699, 1.04701, 1.04703, 1.04706, 1.04708, 1.04711, 1.04713, 1.04716, 1.04719, 1.04722, 1.04725, 1.04729, 1.04732, 1.04736, 1.0474, 1.04745, 1.04749, 1.04754, 1.04759, 1.04764, 1.0477, 1.04776, 1.04783, 1.0479, 1.04797, 1.04805, 1.04814, 1.04823, 1.04833, 1.04844, 1.04856, 1.04868, 1.04882, 1.04897, 1.04914, 1.04932, 1.04952, 1.04974, 1.04998, 1.05025, 1.05055, 1.05089, 1.05128, 1.05171, 1.05221, 1.05278, 1.05345, 1.05423, 1.05515, 1.05624

Aerogel tile 96
1.04749, 1.0475, 1.04751, 1.04752, 1.04753, 1.04754, 1.04755, 1.04756, 1.04757, 1.04759, 1.0476, 1.04761, 1.04763, 1.04764, 1.04766, 1.04767, 1.04769, 1.0477, 1.04772, 1.04774, 1.04776, 1.04778, 1.0478, 1.04782, 1.04785, 1.04787, 1.0479, 1.04792, 1.04795, 1.04798, 1.04801, 1.04804, 1.04808, 1.04811, 1.04815, 1.04819, 1.04823, 1.04828, 1.04833, 1.04838, 1.04843, 1.04849, 1.04855, 1.04862, 1.04869, 1.04876, 1.04884, 1.04893, 1.04902, 1.04912, 1.04923, 1.04935, 1.04947, 1.04961, 1.04976, 1.04993, 1.05011, 1.05031, 1.05053, 1.05077, 1.05104, 1.05135, 1.05169, 1.05207, 1.05251, 1.053, 1.05358, 1.05424, 1.05502, 1.05594, 1.05704

Aerogel tile 97
1.04839, 1.0484, 1.04841, 1.04842, 1.04843, 1.04844, 1.04845, 1.04846, 1.04847, 1.04848, 1.0485, 1.04851, 1.04852, 1.04854, 1.04855, 1.04857, 1.04859, 1.0486, 1.04862, 1.04864, 1.04866, 1.04868, 1.0487, 1.04872, 1.04875, 1.04877, 1.04879, 1.04882, 1.04885, 1.04888, 1.04891, 1.04894, 1.04898, 1.04901, 1.04905, 1.04909, 1.04913, 1.04918, 1.04923, 1.04928, 1.04933, 1.04939, 1.04945, 1.04952, 1.04959, 1.04966, 1.04974, 1.04983, 1.04992, 1.05002, 1.05013, 1.05025, 1.05037, 1.05051, 1.05066, 1.05083, 1.05101, 1.05121, 1.05143, 1.05167, 1.05194, 1.05225, 1.05259, 1.05297, 1.05341, 1.05391, 1.05448, 1.05515, 1.05593, 1.05685, 1.05795

Aerogel tile 98
1.05013, 1.05014, 1.05015, 1.05016, 1.05017, 1.05018, 1.0502, 1.05021, 1.05022, 1.05023, 1.05024, 1.05026, 1.05027, 1.05029, 1.0503, 1.05032, 1.05033, 1.05035, 1.05037, 1.05039, 1.05041, 1.05043, 1.05045, 1.05047, 1.05049, 1.05052, 1.05054, 1.05057, 1.0506, 1.05063, 1.05066, 1.05069, 1.05072, 1.05076, 1.0508, 1.05084, 1.05088, 1.05093, 1.05098, 1.05103, 1.05108, 1.05114, 1.0512, 1.05127, 1.05134, 1.05141, 1.05149, 1.05158, 1.05167, 1.05177, 1.05188, 1.052, 1.05212, 1.05226, 1.05241, 1.05258, 1.05276, 1.05296, 1.05318, 1.05343, 1.0537, 1.054, 1.05434, 1.05473, 1.05516, 1.05566, 1.05624, 1.05691, 1.05769, 1.05861, 1.05971

