Tile_1 1.00108 1.00108 1.00108 1.00108 1.00108 1.00108 1.00108 1.00108 1.00108 1.00108 1.00108 1.00108 1.00108 1.00108 1.00108 1.00108 1.00108 1.00108 1.00108 1.00108 1.00108 1.00108 1.00108 1.00108 1.00108 1.00108 1.00108 1.00108 1.00108 1.00108 1.00108 1.00108 1.00108 1.00108 1.00108 1.00108 1.00108 1.00108 1.00108 1.00108 1.00108 1.00108 1.00108 1.00108 1.00108 1.00108 1.00109 1.00109 1.00109 1.00109 1.00109 1.00109 1.00109 1.00109 1.00109 1.00109 1.00109 1.00109 1.00109 1.00109 1.00109 1.00109 1.00109 1.00109 1.00109 1.00109 1.00109 1.00109 1.00109 1.00109 1.00109 
Tile_2 1.00213 1.00213 1.00213 1.00213 1.00213 1.00213 1.00213 1.00213 1.00213 1.00213 1.00213 1.00213 1.00213 1.00213 1.00213 1.00213 1.00213 1.00213 1.00213 1.00213 1.00213 1.00213 1.00213 1.00213 1.00213 1.00213 1.00213 1.00213 1.00213 1.00213 1.00213 1.00213 1.00213 1.00213 1.00213 1.00213 1.00213 1.00213 1.00213 1.00213 1.00213 1.00213 1.00213 1.00213 1.00213 1.00213 1.00213 1.00213 1.00213 1.00213 1.00213 1.00213 1.00213 1.00213 1.00213 1.00213 1.00213 1.00213 1.00213 1.00213 1.00213 1.00213 1.00213 1.00213 1.00213 1.00213 1.00213 1.00213 1.00213 1.00213 1.00213 
Tile_3 1.00273 1.00273 1.00273 1.00273 1.00273 1.00273 1.00273 1.00273 1.00273 1.00273 1.00273 1.00273 1.00273 1.00273 1.00273 1.00273 1.00273 1.00273 1.00273 1.00273 1.00273 1.00273 1.00273 1.00273 1.00273 1.00273 1.00273 1.00273 1.00273 1.00273 1.00273 1.00273 1.00273 1.00273 1.00273 1.00273 1.00273 1.00273 1.00273 1.00273 1.00273 1.00273 1.00273 1.00273 1.00273 1.00273 1.00273 1.00273 1.00273 1.00273 1.00273 1.00273 1.00273 1.00273 1.00273 1.00273 1.00273 1.00273 1.00273 1.00273 1.00273 1.00273 1.00273 1.00273 1.00273 1.00273 1.00273 1.00273 1.00273 1.00273 1.00273 
Tile_4 1.00223 1.00223 1.00223 1.00223 1.00223 1.00223 1.00223 1.00223 1.00223 1.00223 1.00223 1.00224 1.00224 1.00224 1.00224 1.00224 1.00224 1.00224 1.00224 1.00224 1.00224 1.00224 1.00224 1.00224 1.00224 1.00224 1.00224 1.00224 1.00224 1.00224 1.00224 1.00224 1.00224 1.00224 1.00224 1.00224 1.00224 1.00224 1.00224 1.00224 1.00224 1.00224 1.00224 1.00224 1.00224 1.00224 1.00224 1.00224 1.00224 1.00224 1.00224 1.00224 1.00224 1.00224 1.00224 1.00224 1.00224 1.00224 1.00224 1.00224 1.00224 1.00224 1.00224 1.00224 1.00224 1.00224 1.00224 1.00224 1.00224 1.00224 1.00224 
Tile_5 1.00261 1.00261 1.00261 1.00261 1.00261 1.00261 1.00261 1.00261 1.00261 1.00261 1.00261 1.00261 1.00261 1.00261 1.00261 1.00261 1.00261 1.00261 1.00261 1.00261 1.00261 1.00261 1.00261 1.00261 1.00261 1.00261 1.00261 1.00261 1.00261 1.00261 1.00261 1.00261 1.00261 1.00261 1.00261 1.00261 1.00261 1.00261 1.00261 1.00261 1.00261 1.00261 1.00261 1.00261 1.00261 1.00261 1.00261 1.00261 1.00261 1.00261 1.00261 1.00261 1.00261 1.00261 1.00261 1.00261 1.00261 1.00261 1.00261 1.00261 1.00261 1.00261 1.00261 1.00261 1.00261 1.00261 1.00261 1.00261 1.00261 1.00261 1.00261 
Tile_6 1.00255 1.00255 1.00255 1.00255 1.00255 1.00255 1.00255 1.00255 1.00255 1.00255 1.00255 1.00255 1.00255 1.00255 1.00255 1.00255 1.00255 1.00255 1.00255 1.00255 1.00255 1.00255 1.00255 1.00255 1.00255 1.00255 1.00255 1.00255 1.00255 1.00255 1.00255 1.00255 1.00255 1.00255 1.00255 1.00255 1.00255 1.00255 1.00255 1.00255 1.00255 1.00255 1.00255 1.00255 1.00255 1.00255 1.00255 1.00255 1.00255 1.00255 1.00255 1.00255 1.00255 1.00255 1.00255 1.00255 1.00255 1.00255 1.00255 1.00255 1.00255 1.00255 1.00255 1.00255 1.00255 1.00255 1.00255 1.00255 1.00255 1.00255 1.00255 
Tile_7 1.00148 1.00148 1.00148 1.00148 1.00148 1.00148 1.00148 1.00148 1.00148 1.00148 1.00148 1.00148 1.00148 1.00148 1.00148 1.00148 1.00148 1.00148 1.00148 1.00148 1.00148 1.00148 1.00148 1.00148 1.00148 1.00148 1.00148 1.00148 1.00148 1.00148 1.00148 1.00148 1.00148 1.00148 1.00148 1.00148 1.00148 1.00148 1.00148 1.00148 1.00148 1.00148 1.00148 1.00149 1.00149 1.00149 1.00149 1.00149 1.00149 1.00149 1.00149 1.00149 1.00149 1.00149 1.00149 1.00149 1.00149 1.00149 1.00149 1.00149 1.00149 1.00149 1.00149 1.00149 1.00149 1.00149 1.00149 1.00149 1.00149 1.00149 1.00149 
Tile_8 1.00161 1.00161 1.00161 1.00161 1.00161 1.00162 1.00162 1.00162 1.00162 1.00162 1.00162 1.00162 1.00162 1.00162 1.00162 1.00162 1.00162 1.00162 1.00162 1.00162 1.00162 1.00162 1.00162 1.00162 1.00162 1.00162 1.00162 1.00162 1.00162 1.00162 1.00162 1.00162 1.00162 1.00162 1.00162 1.00162 1.00162 1.00162 1.00162 1.00162 1.00162 1.00162 1.00162 1.00162 1.00162 1.00162 1.00162 1.00162 1.00162 1.00162 1.00162 1.00162 1.00162 1.00162 1.00162 1.00162 1.00162 1.00162 1.00162 1.00162 1.00162 1.00162 1.00162 1.00162 1.00162 1.00162 1.00162 1.00162 1.00162 1.00162 1.00162 
Tile_9 1.00207 1.00207 1.00207 1.00207 1.00207 1.00207 1.00207 1.00207 1.00207 1.00207 1.00207 1.00207 1.00207 1.00207 1.00207 1.00207 1.00207 1.00207 1.00207 1.00207 1.00207 1.00207 1.00207 1.00207 1.00207 1.00207 1.00207 1.00207 1.00207 1.00207 1.00207 1.00207 1.00208 1.00208 1.00208 1.00208 1.00208 1.00208 1.00208 1.00208 1.00208 1.00208 1.00208 1.00208 1.00208 1.00208 1.00208 1.00208 1.00208 1.00208 1.00208 1.00208 1.00208 1.00208 1.00208 1.00208 1.00208 1.00208 1.00208 1.00208 1.00208 1.00208 1.00208 1.00208 1.00208 1.00208 1.00208 1.00208 1.00208 1.00208 1.00208 
Tile_10 1.00237 1.00237 1.00237 1.00237 1.00237 1.00237 1.00237 1.00237 1.00237 1.00237 1.00237 1.00237 1.00237 1.00237 1.00237 1.00237 1.00237 1.00237 1.00237 1.00237 1.00237 1.00237 1.00237 1.00237 1.00237 1.00237 1.00237 1.00237 1.00237 1.00237 1.00237 1.00237 1.00237 1.00237 1.00237 1.00237 1.00237 1.00237 1.00237 1.00237 1.00237 1.00237 1.00237 1.00237 1.00237 1.00237 1.00237 1.00237 1.00237 1.00237 1.00237 1.00237 1.00237 1.00237 1.00237 1.00237 1.00237 1.00237 1.00237 1.00237 1.00237 1.00237 1.00237 1.00237 1.00237 1.00237 1.00237 1.00237 1.00237 1.00237 1.00237 
Tile_11 1.00002 1.00002 1.00002 1.00002 1.00002 1.00002 1.00002 1.00002 1.00002 1.00002 1.00002 1.00002 1.00002 1.00002 1.00002 1.00002 1.00002 1.00002 1.00003 1.00003 1.00003 1.00003 1.00003 1.00003 1.00003 1.00003 1.00003 1.00003 1.00003 1.00003 1.00003 1.00003 1.00003 1.00003 1.00003 1.00003 1.00003 1.00003 1.00003 1.00003 1.00003 1.00003 1.00003 1.00003 1.00003 1.00003 1.00003 1.00003 1.00003 1.00003 1.00003 1.00003 1.00003 1.00003 1.00003 1.00003 1.00003 1.00003 1.00003 1.00003 1.00003 1.00003 1.00003 1.00003 1.00003 1.00003 1.00003 1.00003 1.00003 1.00003 1.00003 
Tile_12 1.00247 1.00247 1.00247 1.00247 1.00247 1.00247 1.00247 1.00247 1.00247 1.00247 1.00247 1.00247 1.00247 1.00247 1.00247 1.00247 1.00247 1.00247 1.00247 1.00247 1.00247 1.00247 1.00247 1.00247 1.00247 1.00247 1.00247 1.00247 1.00247 1.00248 1.00248 1.00248 1.00248 1.00248 1.00248 1.00248 1.00248 1.00248 1.00248 1.00248 1.00248 1.00248 1.00248 1.00248 1.00248 1.00248 1.00248 1.00248 1.00248 1.00248 1.00248 1.00248 1.00248 1.00248 1.00248 1.00248 1.00248 1.00248 1.00248 1.00248 1.00248 1.00248 1.00248 1.00248 1.00248 1.00248 1.00248 1.00248 1.00248 1.00248 1.00248 
Tile_13 1.00055 1.00055 1.00055 1.00055 1.00055 1.00055 1.00055 1.00055 1.00055 1.00055 1.00055 1.00055 1.00055 1.00055 1.00055 1.00055 1.00055 1.00055 1.00055 1.00055 1.00055 1.00055 1.00055 1.00055 1.00055 1.00055 1.00055 1.00055 1.00055 1.00055 1.00055 1.00055 1.00055 1.00055 1.00055 1.00055 1.00055 1.00055 1.00055 1.00055 1.00055 1.00055 1.00055 1.00055 1.00055 1.00055 1.00055 1.00055 1.00055 1.00055 1.00055 1.00055 1.00055 1.00055 1.00055 1.00055 1.00055 1.00055 1.00055 1.00055 1.00055 1.00055 1.00055 1.00055 1.00055 1.00055 1.00055 1.00055 1.00055 1.00055 1.00055 
Tile_14 1.00165 1.00165 1.00165 1.00165 1.00165 1.00165 1.00165 1.00165 1.00165 1.00165 1.00165 1.00165 1.00165 1.00165 1.00165 1.00165 1.00165 1.00165 1.00165 1.00165 1.00165 1.00165 1.00165 1.00166 1.00166 1.00166 1.00166 1.00166 1.00166 1.00166 1.00166 1.00166 1.00166 1.00166 1.00166 1.00166 1.00166 1.00166 1.00166 1.00166 1.00166 1.00166 1.00166 1.00166 1.00166 1.00166 1.00166 1.00166 1.00166 1.00166 1.00166 1.00166 1.00166 1.00166 1.00166 1.00166 1.00166 1.00166 1.00166 1.00166 1.00166 1.00166 1.00166 1.00166 1.00166 1.00166 1.00166 1.00166 1.00166 1.00166 1.00166 
Tile_15 1.00152 1.00152 1.00152 1.00152 1.00152 1.00152 1.00152 1.00152 1.00152 1.00152 1.00152 1.00152 1.00152 1.00152 1.00152 1.00152 1.00152 1.00152 1.00152 1.00152 1.00152 1.00152 1.00152 1.00152 1.00152 1.00152 1.00152 1.00152 1.00152 1.00152 1.00152 1.00152 1.00152 1.00152 1.00152 1.00152 1.00152 1.00152 1.00152 1.00152 1.00152 1.00152 1.00152 1.00152 1.00152 1.00152 1.00152 1.00152 1.00152 1.00152 1.00152 1.00152 1.00152 1.00152 1.00152 1.00152 1.00152 1.00152 1.00152 1.00152 1.00152 1.00152 1.00152 1.00152 1.00152 1.00152 1.00152 1.00152 1.00152 1.00152 1.00152 
Tile_16 1.00266 1.00266 1.00266 1.00266 1.00266 1.00266 1.00266 1.00266 1.00266 1.00266 1.00266 1.00266 1.00266 1.00266 1.00266 1.00266 1.00266 1.00266 1.00266 1.00266 1.00266 1.00266 1.00267 1.00267 1.00267 1.00267 1.00267 1.00267 1.00267 1.00267 1.00267 1.00267 1.00267 1.00267 1.00267 1.00267 1.00267 1.00267 1.00267 1.00267 1.00267 1.00267 1.00267 1.00267 1.00267 1.00267 1.00267 1.00267 1.00267 1.00267 1.00267 1.00267 1.00267 1.00267 1.00267 1.00267 1.00267 1.00267 1.00267 1.00267 1.00267 1.00267 1.00267 1.00267 1.00267 1.00267 1.00267 1.00267 1.00267 1.00267 1.00267 
Tile_17 0.999413 0.999413 0.999413 0.999414 0.999414 0.999414 0.999414 0.999414 0.999414 0.999414 0.999414 0.999414 0.999415 0.999415 0.999415 0.999415 0.999415 0.999415 0.999415 0.999415 0.999415 0.999415 0.999416 0.999416 0.999416 0.999416 0.999416 0.999416 0.999416 0.999416 0.999416 0.999416 0.999416 0.999417 0.999417 0.999417 0.999417 0.999417 0.999417 0.999417 0.999417 0.999417 0.999417 0.999417 0.999417 0.999417 0.999417 0.999417 0.999418 0.999418 0.999418 0.999418 0.999418 0.999418 0.999418 0.999418 0.999418 0.999418 0.999418 0.999418 0.999418 0.999418 0.999418 0.999418 0.999418 0.999418 0.999418 0.999418 0.999418 0.999418 0.999418 
Tile_18 1.00187 1.00187 1.00187 1.00187 1.00187 1.00187 1.00187 1.00187 1.00187 1.00187 1.00187 1.00187 1.00187 1.00187 1.00187 1.00187 1.00187 1.00187 1.00187 1.00187 1.00187 1.00187 1.00187 1.00187 1.00187 1.00187 1.00187 1.00187 1.00187 1.00187 1.00187 1.00187 1.00187 1.00188 1.00188 1.00188 1.00188 1.00188 1.00188 1.00188 1.00188 1.00188 1.00188 1.00188 1.00188 1.00188 1.00188 1.00188 1.00188 1.00188 1.00188 1.00188 1.00188 1.00188 1.00188 1.00188 1.00188 1.00188 1.00188 1.00188 1.00188 1.00188 1.00188 1.00188 1.00188 1.00188 1.00188 1.00188 1.00188 1.00188 1.00188 
Tile_19 1.00167 1.00167 1.00167 1.00167 1.00167 1.00167 1.00167 1.00167 1.00167 1.00167 1.00167 1.00167 1.00167 1.00167 1.00167 1.00167 1.00167 1.00167 1.00167 1.00167 1.00167 1.00167 1.00167 1.00167 1.00167 1.00167 1.00167 1.00167 1.00167 1.00167 1.00167 1.00167 1.00167 1.00167 1.00168 1.00168 1.00168 1.00168 1.00168 1.00168 1.00168 1.00168 1.00168 1.00168 1.00168 1.00168 1.00168 1.00168 1.00168 1.00168 1.00168 1.00168 1.00168 1.00168 1.00168 1.00168 1.00168 1.00168 1.00168 1.00168 1.00168 1.00168 1.00168 1.00168 1.00168 1.00168 1.00168 1.00168 1.00168 1.00168 1.00168 
Tile_20 1.00213 1.00213 1.00213 1.00213 1.00213 1.00213 1.00213 1.00213 1.00213 1.00213 1.00213 1.00213 1.00213 1.00213 1.00213 1.00213 1.00213 1.00213 1.00213 1.00213 1.00213 1.00213 1.00213 1.00213 1.00213 1.00213 1.00213 1.00213 1.00213 1.00213 1.00213 1.00213 1.00213 1.00213 1.00213 1.00213 1.00213 1.00213 1.00213 1.00213 1.00213 1.00213 1.00213 1.00213 1.00213 1.00213 1.00213 1.00213 1.00213 1.00213 1.00213 1.00213 1.00213 1.00213 1.00213 1.00213 1.00213 1.00213 1.00213 1.00213 1.00213 1.00213 1.00213 1.00213 1.00213 1.00213 1.00213 1.00213 1.00213 1.00213 1.00213 
Tile_21 1.00203 1.00203 1.00203 1.00203 1.00203 1.00203 1.00203 1.00203 1.00203 1.00203 1.00203 1.00203 1.00204 1.00204 1.00204 1.00204 1.00204 1.00204 1.00204 1.00204 1.00204 1.00204 1.00204 1.00204 1.00204 1.00204 1.00204 1.00204 1.00204 1.00204 1.00204 1.00204 1.00204 1.00204 1.00204 1.00204 1.00204 1.00204 1.00204 1.00204 1.00204 1.00204 1.00204 1.00204 1.00204 1.00204 1.00204 1.00204 1.00204 1.00204 1.00204 1.00204 1.00204 1.00204 1.00204 1.00204 1.00204 1.00204 1.00204 1.00204 1.00204 1.00204 1.00204 1.00204 1.00204 1.00204 1.00204 1.00204 1.00204 1.00204 1.00204 
Tile_22 0.999804 0.999804 0.999804 0.999804 0.999804 0.999804 0.999805 0.999805 0.999805 0.999805 0.999805 0.999805 0.999805 0.999805 0.999805 0.999806 0.999806 0.999806 0.999806 0.999806 0.999806 0.999806 0.999806 0.999806 0.999806 0.999807 0.999807 0.999807 0.999807 0.999807 0.999807 0.999807 0.999807 0.999807 0.999807 0.999807 0.999807 0.999807 0.999808 0.999808 0.999808 0.999808 0.999808 0.999808 0.999808 0.999808 0.999808 0.999808 0.999808 0.999808 0.999808 0.999808 0.999808 0.999808 0.999809 0.999809 0.999809 0.999809 0.999809 0.999809 0.999809 0.999809 0.999809 0.999809 0.999809 0.999809 0.999809 0.999809 0.999809 0.999809 0.999809 
Tile_23 1.00002 1.00002 1.00002 1.00002 1.00002 1.00002 1.00002 1.00002 1.00002 1.00002 1.00002 1.00002 1.00002 1.00002 1.00002 1.00002 1.00002 1.00002 1.00003 1.00003 1.00003 1.00003 1.00003 1.00003 1.00003 1.00003 1.00003 1.00003 1.00003 1.00003 1.00003 1.00003 1.00003 1.00003 1.00003 1.00003 1.00003 1.00003 1.00003 1.00003 1.00003 1.00003 1.00003 1.00003 1.00003 1.00003 1.00003 1.00003 1.00003 1.00003 1.00003 1.00003 1.00003 1.00003 1.00003 1.00003 1.00003 1.00003 1.00003 1.00003 1.00003 1.00003 1.00003 1.00003 1.00003 1.00003 1.00003 1.00003 1.00003 1.00003 1.00003 
Tile_24 1.00134 1.00134 1.00134 1.00134 1.00134 1.00134 1.00134 1.00134 1.00134 1.00134 1.00134 1.00134 1.00134 1.00134 1.00134 1.00134 1.00134 1.00134 1.00134 1.00134 1.00134 1.00134 1.00134 1.00134 1.00134 1.00134 1.00134 1.00134 1.00134 1.00134 1.00134 1.00134 1.00134 1.00134 1.00134 1.00134 1.00134 1.00134 1.00134 1.00134 1.00134 1.00134 1.00134 1.00134 1.00134 1.00134 1.00134 1.00134 1.00134 1.00134 1.00134 1.00134 1.00134 1.00134 1.00134 1.00134 1.00134 1.00134 1.00134 1.00134 1.00134 1.00134 1.00134 1.00134 1.00134 1.00134 1.00134 1.00134 1.00134 1.00134 1.00134 
Tile_25 1.00134 1.00134 1.00134 1.00134 1.00134 1.00134 1.00134 1.00134 1.00134 1.00134 1.00134 1.00134 1.00134 1.00134 1.00134 1.00134 1.00134 1.00134 1.00134 1.00134 1.00134 1.00134 1.00134 1.00134 1.00134 1.00134 1.00134 1.00134 1.00134 1.00134 1.00134 1.00134 1.00134 1.00134 1.00134 1.00134 1.00134 1.00134 1.00134 1.00134 1.00134 1.00134 1.00134 1.00134 1.00134 1.00134 1.00134 1.00134 1.00134 1.00134 1.00134 1.00134 1.00134 1.00134 1.00134 1.00134 1.00134 1.00134 1.00134 1.00134 1.00134 1.00134 1.00134 1.00134 1.00134 1.00134 1.00134 1.00134 1.00134 1.00134 1.00134 
Tile_26 1.00112 1.00112 1.00112 1.00112 1.00112 1.00112 1.00112 1.00112 1.00112 1.00112 1.00112 1.00112 1.00112 1.00112 1.00112 1.00112 1.00112 1.00112 1.00112 1.00112 1.00112 1.00112 1.00112 1.00112 1.00112 1.00112 1.00112 1.00112 1.00112 1.00112 1.00112 1.00112 1.00112 1.00112 1.00112 1.00112 1.00112 1.00112 1.00112 1.00112 1.00112 1.00112 1.00112 1.00112 1.00112 1.00112 1.00112 1.00112 1.00112 1.00112 1.00112 1.00112 1.00112 1.00112 1.00112 1.00112 1.00112 1.00112 1.00112 1.00112 1.00112 1.00112 1.00112 1.00112 1.00112 1.00112 1.00112 1.00112 1.00112 1.00112 1.00112 
Tile_27 1.00217 1.00217 1.00217 1.00217 1.00217 1.00217 1.00217 1.00217 1.00217 1.00217 1.00217 1.00217 1.00217 1.00217 1.00217 1.00217 1.00217 1.00217 1.00217 1.00217 1.00217 1.00217 1.00217 1.00217 1.00217 1.00217 1.00217 1.00217 1.00217 1.00217 1.00217 1.00217 1.00217 1.00217 1.00217 1.00217 1.00217 1.00217 1.00217 1.00217 1.00217 1.00217 1.00217 1.00217 1.00217 1.00217 1.00217 1.00217 1.00217 1.00217 1.00217 1.00217 1.00217 1.00217 1.00217 1.00217 1.00217 1.00217 1.00217 1.00217 1.00217 1.00217 1.00217 1.00217 1.00217 1.00217 1.00217 1.00217 1.00217 1.00217 1.00217 
Tile_28 1.00124 1.00124 1.00124 1.00124 1.00124 1.00124 1.00124 1.00124 1.00124 1.00124 1.00124 1.00124 1.00124 1.00124 1.00124 1.00124 1.00124 1.00124 1.00124 1.00124 1.00124 1.00125 1.00125 1.00125 1.00125 1.00125 1.00125 1.00125 1.00125 1.00125 1.00125 1.00125 1.00125 1.00125 1.00125 1.00125 1.00125 1.00125 1.00125 1.00125 1.00125 1.00125 1.00125 1.00125 1.00125 1.00125 1.00125 1.00125 1.00125 1.00125 1.00125 1.00125 1.00125 1.00125 1.00125 1.00125 1.00125 1.00125 1.00125 1.00125 1.00125 1.00125 1.00125 1.00125 1.00125 1.00125 1.00125 1.00125 1.00125 1.00125 1.00125 
Tile_29 1.00059 1.00059 1.00059 1.00059 1.00059 1.00059 1.00059 1.00059 1.00059 1.00059 1.00059 1.00059 1.00059 1.00059 1.00059 1.00059 1.00059 1.00059 1.00059 1.00059 1.00059 1.00059 1.00059 1.00059 1.00059 1.00059 1.00059 1.00059 1.00059 1.00059 1.00059 1.00059 1.00059 1.00059 1.00059 1.00059 1.00059 1.00059 1.00059 1.00059 1.00059 1.00059 1.00059 1.00059 1.00059 1.00059 1.00059 1.00059 1.00059 1.00059 1.00059 1.00059 1.00059 1.00059 1.00059 1.00059 1.00059 1.00059 1.00059 1.00059 1.00059 1.00059 1.00059 1.00059 1.00059 1.00059 1.00059 1.00059 1.00059 1.00059 1.00059 
Tile_30 1.00176 1.00176 1.00176 1.00176 1.00176 1.00176 1.00176 1.00176 1.00176 1.00176 1.00176 1.00176 1.00176 1.00176 1.00176 1.00176 1.00176 1.00176 1.00176 1.00176 1.00176 1.00176 1.00176 1.00176 1.00176 1.00176 1.00176 1.00176 1.00176 1.00176 1.00176 1.00176 1.00176 1.00176 1.00176 1.00176 1.00176 1.00176 1.00176 1.00176 1.00176 1.00176 1.00176 1.00176 1.00176 1.00176 1.00176 1.00176 1.00176 1.00176 1.00176 1.00176 1.00176 1.00176 1.00176 1.00176 1.00176 1.00176 1.00176 1.00176 1.00176 1.00176 1.00176 1.00176 1.00176 1.00176 1.00176 1.00176 1.00176 1.00176 1.00176 
Tile_31 1.00253 1.00253 1.00253 1.00253 1.00253 1.00253 1.00253 1.00253 1.00253 1.00253 1.00253 1.00253 1.00253 1.00253 1.00253 1.00253 1.00253 1.00253 1.00253 1.00253 1.00253 1.00253 1.00253 1.00253 1.00253 1.00253 1.00253 1.00253 1.00253 1.00253 1.00253 1.00253 1.00253 1.00253 1.00253 1.00253 1.00253 1.00253 1.00253 1.00253 1.00253 1.00253 1.00253 1.00253 1.00253 1.00253 1.00253 1.00253 1.00253 1.00253 1.00253 1.00253 1.00253 1.00253 1.00253 1.00253 1.00253 1.00253 1.00253 1.00253 1.00253 1.00253 1.00253 1.00253 1.00253 1.00253 1.00253 1.00253 1.00253 1.00253 1.00253 
Tile_32 1.00211 1.00211 1.00211 1.00211 1.00211 1.00211 1.00211 1.00211 1.00211 1.00211 1.00211 1.00211 1.00211 1.00211 1.00211 1.00211 1.00211 1.00211 1.00211 1.00211 1.00211 1.00211 1.00211 1.00211 1.00211 1.00211 1.00211 1.00211 1.00211 1.00211 1.00211 1.00211 1.00211 1.00211 1.00211 1.00211 1.00211 1.00211 1.00211 1.00211 1.00211 1.00211 1.00211 1.00211 1.00211 1.00211 1.00211 1.00211 1.00211 1.00211 1.00211 1.00211 1.00211 1.00211 1.00211 1.00211 1.00211 1.00211 1.00211 1.00211 1.00211 1.00211 1.00211 1.00211 1.00212 1.00212 1.00212 1.00212 1.00212 1.00212 1.00212 
Tile_33 1.00203 1.00203 1.00203 1.00203 1.00203 1.00203 1.00203 1.00203 1.00203 1.00203 1.00203 1.00203 1.00204 1.00204 1.00204 1.00204 1.00204 1.00204 1.00204 1.00204 1.00204 1.00204 1.00204 1.00204 1.00204 1.00204 1.00204 1.00204 1.00204 1.00204 1.00204 1.00204 1.00204 1.00204 1.00204 1.00204 1.00204 1.00204 1.00204 1.00204 1.00204 1.00204 1.00204 1.00204 1.00204 1.00204 1.00204 1.00204 1.00204 1.00204 1.00204 1.00204 1.00204 1.00204 1.00204 1.00204 1.00204 1.00204 1.00204 1.00204 1.00204 1.00204 1.00204 1.00204 1.00204 1.00204 1.00204 1.00204 1.00204 1.00204 1.00204 
Tile_34 1.00106 1.00106 1.00106 1.00106 1.00106 1.00106 1.00106 1.00106 1.00106 1.00106 1.00106 1.00106 1.00106 1.00106 1.00106 1.00106 1.00106 1.00106 1.00106 1.00106 1.00106 1.00106 1.00106 1.00106 1.00106 1.00106 1.00106 1.00106 1.00106 1.00106 1.00106 1.00106 1.00106 1.00107 1.00107 1.00107 1.00107 1.00107 1.00107 1.00107 1.00107 1.00107 1.00107 1.00107 1.00107 1.00107 1.00107 1.00107 1.00107 1.00107 1.00107 1.00107 1.00107 1.00107 1.00107 1.00107 1.00107 1.00107 1.00107 1.00107 1.00107 1.00107 1.00107 1.00107 1.00107 1.00107 1.00107 1.00107 1.00107 1.00107 1.00107 
Tile_35 1.00213 1.00213 1.00213 1.00213 1.00213 1.00213 1.00213 1.00213 1.00213 1.00213 1.00213 1.00213 1.00213 1.00213 1.00213 1.00213 1.00213 1.00213 1.00213 1.00213 1.00213 1.00213 1.00213 1.00213 1.00213 1.00213 1.00213 1.00213 1.00213 1.00213 1.00213 1.00213 1.00213 1.00213 1.00213 1.00213 1.00213 1.00213 1.00213 1.00213 1.00213 1.00213 1.00213 1.00213 1.00213 1.00213 1.00213 1.00213 1.00213 1.00213 1.00213 1.00213 1.00213 1.00213 1.00213 1.00213 1.00213 1.00213 1.00213 1.00213 1.00213 1.00213 1.00213 1.00213 1.00213 1.00213 1.00213 1.00213 1.00213 1.00213 1.00213 
Tile_36 1.00203 1.00203 1.00203 1.00203 1.00203 1.00203 1.00203 1.00203 1.00203 1.00203 1.00203 1.00203 1.00204 1.00204 1.00204 1.00204 1.00204 1.00204 1.00204 1.00204 1.00204 1.00204 1.00204 1.00204 1.00204 1.00204 1.00204 1.00204 1.00204 1.00204 1.00204 1.00204 1.00204 1.00204 1.00204 1.00204 1.00204 1.00204 1.00204 1.00204 1.00204 1.00204 1.00204 1.00204 1.00204 1.00204 1.00204 1.00204 1.00204 1.00204 1.00204 1.00204 1.00204 1.00204 1.00204 1.00204 1.00204 1.00204 1.00204 1.00204 1.00204 1.00204 1.00204 1.00204 1.00204 1.00204 1.00204 1.00204 1.00204 1.00204 1.00204 
Tile_37 1.00035 1.00035 1.00035 1.00035 1.00035 1.00035 1.00035 1.00035 1.00035 1.00035 1.00035 1.00035 1.00035 1.00035 1.00035 1.00035 1.00035 1.00035 1.00035 1.00035 1.00035 1.00035 1.00035 1.00035 1.00035 1.00035 1.00035 1.00035 1.00035 1.00035 1.00035 1.00035 1.00035 1.00035 1.00035 1.00035 1.00035 1.00035 1.00035 1.00035 1.00035 1.00035 1.00035 1.00035 1.00035 1.00035 1.00035 1.00035 1.00035 1.00035 1.00035 1.00035 1.00035 1.00035 1.00035 1.00035 1.00035 1.00035 1.00035 1.00035 1.00035 1.00035 1.00035 1.00035 1.00035 1.00035 1.00035 1.00035 1.00035 1.00035 1.00035 
Tile_38 1.00172 1.00172 1.00172 1.00172 1.00172 1.00172 1.00172 1.00172 1.00172 1.00172 1.00172 1.00172 1.00172 1.00172 1.00172 1.00172 1.00172 1.00172 1.00172 1.00172 1.00172 1.00172 1.00172 1.00172 1.00172 1.00172 1.00172 1.00172 1.00172 1.00172 1.00172 1.00172 1.00172 1.00172 1.00172 1.00172 1.00172 1.00172 1.00172 1.00172 1.00172 1.00172 1.00172 1.00172 1.00172 1.00172 1.00172 1.00172 1.00172 1.00172 1.00172 1.00172 1.00172 1.00172 1.00172 1.00172 1.00172 1.00172 1.00172 1.00172 1.00172 1.00172 1.00172 1.00172 1.00172 1.00172 1.00172 1.00172 1.00172 1.00172 1.00172 
Tile_39 1.00019 1.00019 1.00019 1.00019 1.00019 1.00019 1.00019 1.00019 1.00019 1.00019 1.00019 1.00019 1.00019 1.00019 1.00019 1.00019 1.00019 1.00019 1.00019 1.00019 1.00019 1.00019 1.00019 1.00019 1.00019 1.00019 1.00019 1.00019 1.00019 1.00019 1.00019 1.00019 1.00019 1.00019 1.00019 1.00019 1.00019 1.00019 1.00019 1.00019 1.00019 1.00019 1.00019 1.00019 1.00019 1.00019 1.00019 1.00019 1.00019 1.00019 1.00019 1.00019 1.00019 1.00019 1.00019 1.00019 1.00019 1.00019 1.00019 1.00019 1.00019 1.00019 1.00019 1.00019 1.00019 1.00019 1.00019 1.00019 1.00019 1.00019 1.00019 
Tile_40 1.00019 1.00019 1.00019 1.00019 1.00019 1.00019 1.00019 1.00019 1.00019 1.00019 1.00019 1.00019 1.00019 1.00019 1.00019 1.00019 1.00019 1.00019 1.00019 1.00019 1.00019 1.00019 1.00019 1.00019 1.00019 1.00019 1.00019 1.00019 1.00019 1.00019 1.00019 1.00019 1.00019 1.00019 1.00019 1.00019 1.00019 1.00019 1.00019 1.00019 1.00019 1.00019 1.00019 1.00019 1.00019 1.00019 1.00019 1.00019 1.00019 1.00019 1.00019 1.00019 1.00019 1.00019 1.00019 1.00019 1.00019 1.00019 1.00019 1.00019 1.00019 1.00019 1.00019 1.00019 1.00019 1.00019 1.00019 1.00019 1.00019 1.00019 1.00019 
Tile_41 0.998737 0.998737 0.998737 0.998737 0.998737 0.998737 0.998737 0.998737 0.998738 0.998738 0.998738 0.998738 0.998738 0.998738 0.998738 0.998738 0.998738 0.998739 0.998739 0.998739 0.998739 0.998739 0.998739 0.998739 0.998739 0.998739 0.998739 0.998739 0.99874 0.99874 0.99874 0.99874 0.99874 0.99874 0.99874 0.99874 0.99874 0.99874 0.99874 0.99874 0.99874 0.998741 0.998741 0.998741 0.998741 0.998741 0.998741 0.998741 0.998741 0.998741 0.998741 0.998741 0.998741 0.998741 0.998741 0.998741 0.998741 0.998741 0.998741 0.998741 0.998742 0.998742 0.998742 0.998742 0.998742 0.998742 0.998742 0.998742 0.998742 0.998742 0.998742 
Tile_42 0.999604 0.999604 0.999604 0.999604 0.999604 0.999604 0.999604 0.999605 0.999605 0.999605 0.999605 0.999605 0.999605 0.999605 0.999605 0.999605 0.999606 0.999606 0.999606 0.999606 0.999606 0.999606 0.999606 0.999606 0.999606 0.999606 0.999607 0.999607 0.999607 0.999607 0.999607 0.999607 0.999607 0.999607 0.999607 0.999607 0.999607 0.999607 0.999607 0.999608 0.999608 0.999608 0.999608 0.999608 0.999608 0.999608 0.999608 0.999608 0.999608 0.999608 0.999608 0.999608 0.999608 0.999608 0.999608 0.999608 0.999609 0.999609 0.999609 0.999609 0.999609 0.999609 0.999609 0.999609 0.999609 0.999609 0.999609 0.999609 0.999609 0.999609 0.999609 
Tile_43 1.00275 1.00275 1.00275 1.00275 1.00275 1.00275 1.00275 1.00275 1.00275 1.00275 1.00275 1.00275 1.00275 1.00275 1.00275 1.00275 1.00275 1.00275 1.00275 1.00275 1.00275 1.00275 1.00275 1.00275 1.00275 1.00275 1.00275 1.00275 1.00275 1.00275 1.00275 1.00275 1.00275 1.00275 1.00275 1.00275 1.00275 1.00275 1.00275 1.00275 1.00275 1.00275 1.00275 1.00275 1.00275 1.00275 1.00275 1.00275 1.00275 1.00275 1.00275 1.00275 1.00275 1.00275 1.00275 1.00275 1.00275 1.00275 1.00275 1.00275 1.00275 1.00275 1.00275 1.00275 1.00275 1.00275 1.00275 1.00275 1.00275 1.00275 1.00275 
Tile_44 1.00255 1.00255 1.00255 1.00255 1.00255 1.00255 1.00255 1.00255 1.00255 1.00255 1.00255 1.00255 1.00255 1.00255 1.00255 1.00255 1.00255 1.00255 1.00255 1.00255 1.00255 1.00255 1.00255 1.00255 1.00255 1.00255 1.00255 1.00255 1.00255 1.00255 1.00255 1.00255 1.00255 1.00255 1.00255 1.00255 1.00255 1.00255 1.00255 1.00255 1.00255 1.00255 1.00255 1.00255 1.00255 1.00255 1.00255 1.00255 1.00255 1.00255 1.00255 1.00255 1.00255 1.00255 1.00255 1.00255 1.00255 1.00255 1.00255 1.00255 1.00255 1.00255 1.00255 1.00255 1.00255 1.00255 1.00255 1.00255 1.00255 1.00255 1.00255 
Tile_45 1.0016 1.0016 1.0016 1.0016 1.0016 1.0016 1.0016 1.0016 1.0016 1.0016 1.0016 1.0016 1.0016 1.0016 1.0016 1.0016 1.0016 1.0016 1.0016 1.0016 1.0016 1.0016 1.0016 1.0016 1.0016 1.0016 1.0016 1.0016 1.0016 1.0016 1.0016 1.0016 1.0016 1.0016 1.0016 1.0016 1.0016 1.0016 1.0016 1.0016 1.0016 1.0016 1.0016 1.0016 1.0016 1.0016 1.0016 1.0016 1.0016 1.0016 1.0016 1.0016 1.0016 1.0016 1.0016 1.0016 1.0016 1.0016 1.0016 1.0016 1.0016 1.0016 1.0016 1.0016 1.0016 1.0016 1.0016 1.0016 1.0016 1.0016 1.0016 
Tile_46 1.00006 1.00006 1.00006 1.00006 1.00006 1.00006 1.00006 1.00006 1.00006 1.00006 1.00006 1.00006 1.00006 1.00006 1.00006 1.00006 1.00006 1.00006 1.00006 1.00006 1.00006 1.00006 1.00006 1.00006 1.00006 1.00006 1.00006 1.00006 1.00006 1.00006 1.00006 1.00006 1.00006 1.00006 1.00006 1.00006 1.00006 1.00006 1.00006 1.00006 1.00006 1.00007 1.00007 1.00007 1.00007 1.00007 1.00007 1.00007 1.00007 1.00007 1.00007 1.00007 1.00007 1.00007 1.00007 1.00007 1.00007 1.00007 1.00007 1.00007 1.00007 1.00007 1.00007 1.00007 1.00007 1.00007 1.00007 1.00007 1.00007 1.00007 1.00007 
Tile_47 1.00022 1.00022 1.00022 1.00022 1.00022 1.00022 1.00022 1.00022 1.00022 1.00022 1.00022 1.00022 1.00022 1.00022 1.00022 1.00022 1.00022 1.00023 1.00023 1.00023 1.00023 1.00023 1.00023 1.00023 1.00023 1.00023 1.00023 1.00023 1.00023 1.00023 1.00023 1.00023 1.00023 1.00023 1.00023 1.00023 1.00023 1.00023 1.00023 1.00023 1.00023 1.00023 1.00023 1.00023 1.00023 1.00023 1.00023 1.00023 1.00023 1.00023 1.00023 1.00023 1.00023 1.00023 1.00023 1.00023 1.00023 1.00023 1.00023 1.00023 1.00023 1.00023 1.00023 1.00023 1.00023 1.00023 1.00023 1.00023 1.00023 1.00023 1.00023 
Tile_48 1.00255 1.00255 1.00255 1.00255 1.00255 1.00255 1.00255 1.00255 1.00255 1.00255 1.00255 1.00255 1.00255 1.00255 1.00255 1.00255 1.00255 1.00255 1.00255 1.00255 1.00255 1.00255 1.00255 1.00255 1.00255 1.00255 1.00255 1.00255 1.00255 1.00255 1.00255 1.00255 1.00255 1.00255 1.00255 1.00255 1.00255 1.00255 1.00255 1.00255 1.00255 1.00255 1.00255 1.00255 1.00255 1.00255 1.00255 1.00255 1.00255 1.00255 1.00255 1.00255 1.00255 1.00255 1.00255 1.00255 1.00255 1.00255 1.00255 1.00255 1.00255 1.00255 1.00255 1.00255 1.00255 1.00255 1.00255 1.00255 1.00255 1.00255 1.00255 
Tile_49 1.00118 1.00118 1.00118 1.00118 1.00118 1.00118 1.00118 1.00118 1.00118 1.00118 1.00118 1.00118 1.00118 1.00118 1.00118 1.00118 1.00118 1.00118 1.00118 1.00118 1.00118 1.00118 1.00118 1.00118 1.00118 1.00118 1.00118 1.00118 1.00118 1.00118 1.00118 1.00118 1.00118 1.00118 1.00118 1.00118 1.00118 1.00118 1.00118 1.00118 1.00118 1.00118 1.00118 1.00118 1.00118 1.00118 1.00118 1.00118 1.00118 1.00118 1.00118 1.00118 1.00118 1.00118 1.00118 1.00118 1.00118 1.00118 1.00118 1.00118 1.00118 1.00118 1.00118 1.00118 1.00118 1.00118 1.00118 1.00118 1.00118 1.00118 1.00118 
Tile_50 1.00116 1.00116 1.00116 1.00116 1.00116 1.00116 1.00116 1.00116 1.00116 1.00116 1.00116 1.00116 1.00116 1.00116 1.00116 1.00116 1.00116 1.00116 1.00116 1.00116 1.00116 1.00116 1.00116 1.00116 1.00116 1.00116 1.00116 1.00116 1.00116 1.00116 1.00116 1.00116 1.00116 1.00116 1.00116 1.00116 1.00116 1.00116 1.00116 1.00116 1.00116 1.00116 1.00116 1.00116 1.00116 1.00116 1.00116 1.00116 1.00116 1.00116 1.00116 1.00116 1.00116 1.00116 1.00116 1.00116 1.00116 1.00116 1.00116 1.00116 1.00116 1.00116 1.00116 1.00116 1.00116 1.00116 1.00116 1.00116 1.00116 1.00116 1.00116 
Tile_51 0.99967 0.999671 0.999671 0.999671 0.999671 0.999671 0.999671 0.999671 0.999671 0.999672 0.999672 0.999672 0.999672 0.999672 0.999672 0.999672 0.999672 0.999672 0.999672 0.999673 0.999673 0.999673 0.999673 0.999673 0.999673 0.999673 0.999673 0.999673 0.999673 0.999673 0.999674 0.999674 0.999674 0.999674 0.999674 0.999674 0.999674 0.999674 0.999674 0.999674 0.999674 0.999674 0.999674 0.999674 0.999675 0.999675 0.999675 0.999675 0.999675 0.999675 0.999675 0.999675 0.999675 0.999675 0.999675 0.999675 0.999675 0.999675 0.999675 0.999675 0.999675 0.999675 0.999675 0.999676 0.999676 0.999676 0.999676 0.999676 0.999676 0.999676 0.999676 
Tile_52 1.00076 1.00076 1.00076 1.00076 1.00076 1.00076 1.00076 1.00076 1.00076 1.00076 1.00076 1.00076 1.00076 1.00076 1.00076 1.00076 1.00076 1.00076 1.00076 1.00076 1.00076 1.00076 1.00076 1.00076 1.00076 1.00076 1.00076 1.00076 1.00076 1.00076 1.00076 1.00076 1.00076 1.00076 1.00076 1.00076 1.00076 1.00076 1.00076 1.00076 1.00076 1.00076 1.00076 1.00076 1.00076 1.00076 1.00076 1.00076 1.00076 1.00076 1.00076 1.00076 1.00076 1.00076 1.00076 1.00076 1.00076 1.00076 1.00076 1.00076 1.00076 1.00076 1.00076 1.00076 1.00076 1.00076 1.00076 1.00076 1.00076 1.00076 1.00076 
Tile_53 1.00145 1.00145 1.00145 1.00145 1.00145 1.00145 1.00145 1.00145 1.00145 1.00145 1.00145 1.00145 1.00145 1.00145 1.00145 1.00145 1.00145 1.00145 1.00145 1.00145 1.00145 1.00145 1.00145 1.00145 1.00146 1.00146 1.00146 1.00146 1.00146 1.00146 1.00146 1.00146 1.00146 1.00146 1.00146 1.00146 1.00146 1.00146 1.00146 1.00146 1.00146 1.00146 1.00146 1.00146 1.00146 1.00146 1.00146 1.00146 1.00146 1.00146 1.00146 1.00146 1.00146 1.00146 1.00146 1.00146 1.00146 1.00146 1.00146 1.00146 1.00146 1.00146 1.00146 1.00146 1.00146 1.00146 1.00146 1.00146 1.00146 1.00146 1.00146 
Tile_54 1.0015 1.0015 1.0015 1.0015 1.0015 1.0015 1.0015 1.0015 1.0015 1.0015 1.0015 1.0015 1.0015 1.0015 1.0015 1.0015 1.0015 1.0015 1.0015 1.0015 1.0015 1.0015 1.0015 1.0015 1.0015 1.0015 1.0015 1.0015 1.0015 1.0015 1.0015 1.0015 1.0015 1.0015 1.0015 1.0015 1.0015 1.0015 1.0015 1.0015 1.0015 1.0015 1.0015 1.0015 1.0015 1.0015 1.0015 1.0015 1.0015 1.0015 1.0015 1.0015 1.0015 1.0015 1.0015 1.0015 1.0015 1.0015 1.0015 1.0015 1.00151 1.00151 1.00151 1.00151 1.00151 1.00151 1.00151 1.00151 1.00151 1.00151 1.00151 
Tile_55 0.999327 0.999328 0.999328 0.999328 0.999328 0.999328 0.999328 0.999328 0.999328 0.999328 0.999329 0.999329 0.999329 0.999329 0.999329 0.999329 0.999329 0.999329 0.999329 0.99933 0.99933 0.99933 0.99933 0.99933 0.99933 0.99933 0.99933 0.99933 0.99933 0.99933 0.99933 0.999331 0.999331 0.999331 0.999331 0.999331 0.999331 0.999331 0.999331 0.999331 0.999331 0.999331 0.999331 0.999331 0.999332 0.999332 0.999332 0.999332 0.999332 0.999332 0.999332 0.999332 0.999332 0.999332 0.999332 0.999332 0.999332 0.999332 0.999332 0.999332 0.999332 0.999332 0.999332 0.999332 0.999332 0.999333 0.999333 0.999333 0.999333 0.999333 0.999333 
Tile_56 1.00104 1.00104 1.00104 1.00104 1.00104 1.00104 1.00104 1.00104 1.00104 1.00104 1.00104 1.00104 1.00104 1.00104 1.00104 1.00104 1.00104 1.00104 1.00104 1.00104 1.00104 1.00104 1.00105 1.00105 1.00105 1.00105 1.00105 1.00105 1.00105 1.00105 1.00105 1.00105 1.00105 1.00105 1.00105 1.00105 1.00105 1.00105 1.00105 1.00105 1.00105 1.00105 1.00105 1.00105 1.00105 1.00105 1.00105 1.00105 1.00105 1.00105 1.00105 1.00105 1.00105 1.00105 1.00105 1.00105 1.00105 1.00105 1.00105 1.00105 1.00105 1.00105 1.00105 1.00105 1.00105 1.00105 1.00105 1.00105 1.00105 1.00105 1.00105 
Tile_57 1.0006 1.0006 1.0006 1.0006 1.0006 1.0006 1.00061 1.00061 1.00061 1.00061 1.00061 1.00061 1.00061 1.00061 1.00061 1.00061 1.00061 1.00061 1.00061 1.00061 1.00061 1.00061 1.00061 1.00061 1.00061 1.00061 1.00061 1.00061 1.00061 1.00061 1.00061 1.00061 1.00061 1.00061 1.00061 1.00061 1.00061 1.00061 1.00061 1.00061 1.00061 1.00061 1.00061 1.00061 1.00061 1.00061 1.00061 1.00061 1.00061 1.00061 1.00061 1.00061 1.00061 1.00061 1.00061 1.00061 1.00061 1.00061 1.00061 1.00061 1.00061 1.00061 1.00061 1.00061 1.00061 1.00061 1.00061 1.00061 1.00061 1.00061 1.00061 
Tile_58 1.00257 1.00257 1.00257 1.00257 1.00257 1.00257 1.00257 1.00257 1.00257 1.00257 1.00257 1.00257 1.00257 1.00257 1.00257 1.00257 1.00257 1.00257 1.00257 1.00257 1.00257 1.00257 1.00257 1.00257 1.00257 1.00257 1.00257 1.00257 1.00257 1.00257 1.00257 1.00257 1.00257 1.00257 1.00257 1.00257 1.00257 1.00257 1.00257 1.00257 1.00257 1.00257 1.00257 1.00257 1.00257 1.00257 1.00257 1.00257 1.00257 1.00257 1.00257 1.00257 1.00257 1.00257 1.00257 1.00257 1.00257 1.00257 1.00257 1.00257 1.00257 1.00257 1.00257 1.00257 1.00257 1.00257 1.00257 1.00257 1.00257 1.00257 1.00257 
Tile_59 1.00057 1.00057 1.00057 1.00057 1.00057 1.00057 1.00057 1.00057 1.00057 1.00057 1.00057 1.00057 1.00057 1.00057 1.00057 1.00057 1.00057 1.00057 1.00057 1.00057 1.00057 1.00057 1.00057 1.00057 1.00057 1.00057 1.00057 1.00057 1.00057 1.00057 1.00057 1.00057 1.00057 1.00057 1.00057 1.00057 1.00057 1.00057 1.00057 1.00057 1.00057 1.00057 1.00057 1.00057 1.00057 1.00057 1.00057 1.00057 1.00057 1.00057 1.00057 1.00057 1.00057 1.00057 1.00057 1.00057 1.00057 1.00057 1.00057 1.00057 1.00057 1.00057 1.00057 1.00057 1.00057 1.00057 1.00057 1.00057 1.00057 1.00057 1.00057 
Tile_60 1.00112 1.00112 1.00112 1.00112 1.00112 1.00112 1.00112 1.00112 1.00112 1.00112 1.00112 1.00112 1.00112 1.00112 1.00112 1.00112 1.00112 1.00112 1.00112 1.00112 1.00112 1.00112 1.00112 1.00112 1.00112 1.00112 1.00112 1.00112 1.00112 1.00112 1.00112 1.00112 1.00112 1.00112 1.00112 1.00112 1.00112 1.00112 1.00112 1.00112 1.00112 1.00112 1.00112 1.00112 1.00112 1.00112 1.00112 1.00112 1.00112 1.00112 1.00112 1.00112 1.00112 1.00112 1.00112 1.00112 1.00112 1.00112 1.00112 1.00112 1.00112 1.00112 1.00112 1.00112 1.00112 1.00112 1.00112 1.00112 1.00112 1.00112 1.00112 
Tile_61 0.999175 0.999175 0.999175 0.999175 0.999175 0.999176 0.999176 0.999176 0.999176 0.999176 0.999176 0.999176 0.999176 0.999176 0.999177 0.999177 0.999177 0.999177 0.999177 0.999177 0.999177 0.999177 0.999177 0.999177 0.999178 0.999178 0.999178 0.999178 0.999178 0.999178 0.999178 0.999178 0.999178 0.999178 0.999178 0.999178 0.999178 0.999179 0.999179 0.999179 0.999179 0.999179 0.999179 0.999179 0.999179 0.999179 0.999179 0.999179 0.999179 0.999179 0.999179 0.999179 0.99918 0.99918 0.99918 0.99918 0.99918 0.99918 0.99918 0.99918 0.99918 0.99918 0.99918 0.99918 0.99918 0.99918 0.99918 0.99918 0.99918 0.99918 0.99918 
Tile_62 1.00156 1.00156 1.00156 1.00156 1.00156 1.00156 1.00156 1.00156 1.00156 1.00156 1.00156 1.00156 1.00156 1.00156 1.00156 1.00156 1.00156 1.00156 1.00156 1.00156 1.00156 1.00156 1.00156 1.00156 1.00156 1.00156 1.00156 1.00156 1.00156 1.00156 1.00156 1.00156 1.00156 1.00156 1.00156 1.00156 1.00156 1.00156 1.00156 1.00156 1.00156 1.00156 1.00156 1.00156 1.00156 1.00156 1.00156 1.00156 1.00156 1.00156 1.00156 1.00156 1.00156 1.00156 1.00156 1.00156 1.00156 1.00156 1.00156 1.00156 1.00156 1.00156 1.00156 1.00156 1.00156 1.00156 1.00156 1.00156 1.00156 1.00156 1.00156 
Tile_63 0.999966 0.999966 0.999966 0.999966 0.999966 0.999966 0.999967 0.999967 0.999967 0.999967 0.999967 0.999967 0.999967 0.999967 0.999967 0.999968 0.999968 0.999968 0.999968 0.999968 0.999968 0.999968 0.999968 0.999968 0.999968 0.999969 0.999969 0.999969 0.999969 0.999969 0.999969 0.999969 0.999969 0.999969 0.999969 0.999969 0.999969 0.999969 0.99997 0.99997 0.99997 0.99997 0.99997 0.99997 0.99997 0.99997 0.99997 0.99997 0.99997 0.99997 0.99997 0.99997 0.99997 0.99997 0.999971 0.999971 0.999971 0.999971 0.999971 0.999971 0.999971 0.999971 0.999971 0.999971 0.999971 0.999971 0.999971 0.999971 0.999971 0.999971 0.999971 
Tile_64 1.00044 1.00044 1.00044 1.00044 1.00044 1.00044 1.00044 1.00044 1.00044 1.00044 1.00044 1.00044 1.00044 1.00044 1.00044 1.00044 1.00044 1.00044 1.00044 1.00044 1.00044 1.00044 1.00044 1.00044 1.00044 1.00044 1.00045 1.00045 1.00045 1.00045 1.00045 1.00045 1.00045 1.00045 1.00045 1.00045 1.00045 1.00045 1.00045 1.00045 1.00045 1.00045 1.00045 1.00045 1.00045 1.00045 1.00045 1.00045 1.00045 1.00045 1.00045 1.00045 1.00045 1.00045 1.00045 1.00045 1.00045 1.00045 1.00045 1.00045 1.00045 1.00045 1.00045 1.00045 1.00045 1.00045 1.00045 1.00045 1.00045 1.00045 1.00045 
Tile_65 0.99887 0.99887 0.99887 0.99887 0.998871 0.998871 0.998871 0.998871 0.998871 0.998871 0.998871 0.998871 0.998871 0.998872 0.998872 0.998872 0.998872 0.998872 0.998872 0.998872 0.998872 0.998872 0.998872 0.998872 0.998873 0.998873 0.998873 0.998873 0.998873 0.998873 0.998873 0.998873 0.998873 0.998873 0.998873 0.998873 0.998874 0.998874 0.998874 0.998874 0.998874 0.998874 0.998874 0.998874 0.998874 0.998874 0.998874 0.998874 0.998874 0.998874 0.998874 0.998875 0.998875 0.998875 0.998875 0.998875 0.998875 0.998875 0.998875 0.998875 0.998875 0.998875 0.998875 0.998875 0.998875 0.998875 0.998875 0.998875 0.998875 0.998875 0.998875 
Tile_66 0.999604 0.999604 0.999604 0.999604 0.999604 0.999604 0.999604 0.999605 0.999605 0.999605 0.999605 0.999605 0.999605 0.999605 0.999605 0.999605 0.999606 0.999606 0.999606 0.999606 0.999606 0.999606 0.999606 0.999606 0.999606 0.999606 0.999607 0.999607 0.999607 0.999607 0.999607 0.999607 0.999607 0.999607 0.999607 0.999607 0.999607 0.999607 0.999607 0.999608 0.999608 0.999608 0.999608 0.999608 0.999608 0.999608 0.999608 0.999608 0.999608 0.999608 0.999608 0.999608 0.999608 0.999608 0.999608 0.999608 0.999609 0.999609 0.999609 0.999609 0.999609 0.999609 0.999609 0.999609 0.999609 0.999609 0.999609 0.999609 0.999609 0.999609 0.999609 
Tile_67 1.00017 1.00017 1.00017 1.00017 1.00017 1.00017 1.00017 1.00017 1.00017 1.00017 1.00017 1.00017 1.00017 1.00017 1.00017 1.00017 1.00017 1.00017 1.00017 1.00017 1.00017 1.00017 1.00017 1.00017 1.00017 1.00017 1.00017 1.00017 1.00017 1.00017 1.00017 1.00017 1.00017 1.00017 1.00017 1.00017 1.00017 1.00017 1.00017 1.00017 1.00017 1.00017 1.00017 1.00017 1.00017 1.00017 1.00017 1.00017 1.00017 1.00017 1.00017 1.00017 1.00017 1.00017 1.00017 1.00017 1.00017 1.00017 1.00017 1.00017 1.00017 1.00017 1.00017 1.00017 1.00017 1.00017 1.00017 1.00017 1.00017 1.00017 1.00017 
Tile_68 1.00235 1.00235 1.00235 1.00235 1.00235 1.00235 1.00235 1.00235 1.00235 1.00235 1.00235 1.00235 1.00235 1.00235 1.00235 1.00235 1.00235 1.00235 1.00235 1.00235 1.00235 1.00235 1.00235 1.00235 1.00235 1.00235 1.00235 1.00235 1.00235 1.00235 1.00235 1.00235 1.00235 1.00235 1.00235 1.00235 1.00235 1.00235 1.00235 1.00235 1.00235 1.00235 1.00235 1.00235 1.00235 1.00235 1.00235 1.00235 1.00235 1.00235 1.00235 1.00235 1.00235 1.00235 1.00235 1.00235 1.00235 1.00235 1.00235 1.00235 1.00235 1.00235 1.00235 1.00235 1.00235 1.00235 1.00235 1.00235 1.00235 1.00235 1.00235 
Tile_69 1.00257 1.00257 1.00257 1.00257 1.00257 1.00257 1.00257 1.00257 1.00257 1.00257 1.00257 1.00257 1.00257 1.00257 1.00257 1.00257 1.00257 1.00257 1.00257 1.00257 1.00257 1.00257 1.00257 1.00257 1.00257 1.00257 1.00257 1.00257 1.00257 1.00257 1.00257 1.00257 1.00257 1.00257 1.00257 1.00257 1.00257 1.00257 1.00257 1.00257 1.00257 1.00257 1.00257 1.00257 1.00257 1.00257 1.00257 1.00257 1.00257 1.00257 1.00257 1.00257 1.00257 1.00257 1.00257 1.00257 1.00257 1.00257 1.00257 1.00257 1.00257 1.00257 1.00257 1.00257 1.00257 1.00257 1.00257 1.00257 1.00257 1.00257 1.00257 
Tile_70 0.999947 0.999947 0.999947 0.999947 0.999947 0.999947 0.999948 0.999948 0.999948 0.999948 0.999948 0.999948 0.999948 0.999948 0.999948 0.999949 0.999949 0.999949 0.999949 0.999949 0.999949 0.999949 0.999949 0.999949 0.999949 0.999949 0.99995 0.99995 0.99995 0.99995 0.99995 0.99995 0.99995 0.99995 0.99995 0.99995 0.99995 0.99995 0.999951 0.999951 0.999951 0.999951 0.999951 0.999951 0.999951 0.999951 0.999951 0.999951 0.999951 0.999951 0.999951 0.999951 0.999951 0.999951 0.999951 0.999952 0.999952 0.999952 0.999952 0.999952 0.999952 0.999952 0.999952 0.999952 0.999952 0.999952 0.999952 0.999952 0.999952 0.999952 0.999952 
Tile_71 0.998575 0.998575 0.998575 0.998575 0.998575 0.998575 0.998575 0.998575 0.998576 0.998576 0.998576 0.998576 0.998576 0.998576 0.998576 0.998576 0.998576 0.998577 0.998577 0.998577 0.998577 0.998577 0.998577 0.998577 0.998577 0.998577 0.998577 0.998577 0.998578 0.998578 0.998578 0.998578 0.998578 0.998578 0.998578 0.998578 0.998578 0.998578 0.998578 0.998578 0.998578 0.998579 0.998579 0.998579 0.998579 0.998579 0.998579 0.998579 0.998579 0.998579 0.998579 0.998579 0.998579 0.998579 0.998579 0.998579 0.998579 0.998579 0.998579 0.998579 0.99858 0.99858 0.99858 0.99858 0.99858 0.99858 0.99858 0.99858 0.99858 0.99858 0.99858 
Tile_72 1.00052 1.00052 1.00052 1.00052 1.00052 1.00052 1.00052 1.00052 1.00052 1.00052 1.00052 1.00052 1.00052 1.00052 1.00052 1.00052 1.00052 1.00052 1.00052 1.00052 1.00052 1.00052 1.00052 1.00052 1.00052 1.00052 1.00052 1.00052 1.00052 1.00052 1.00052 1.00052 1.00052 1.00052 1.00052 1.00052 1.00052 1.00052 1.00052 1.00052 1.00052 1.00052 1.00052 1.00052 1.00052 1.00052 1.00052 1.00052 1.00052 1.00052 1.00052 1.00052 1.00052 1.00052 1.00052 1.00052 1.00052 1.00052 1.00052 1.00052 1.00052 1.00052 1.00052 1.00052 1.00052 1.00052 1.00052 1.00052 1.00052 1.00052 1.00052 
Tile_73 1.00255 1.00255 1.00255 1.00255 1.00255 1.00255 1.00255 1.00255 1.00255 1.00255 1.00255 1.00255 1.00255 1.00255 1.00255 1.00255 1.00255 1.00255 1.00255 1.00255 1.00255 1.00255 1.00255 1.00255 1.00255 1.00255 1.00255 1.00255 1.00255 1.00255 1.00255 1.00255 1.00255 1.00255 1.00255 1.00255 1.00255 1.00255 1.00255 1.00255 1.00255 1.00255 1.00255 1.00255 1.00255 1.00255 1.00255 1.00255 1.00255 1.00255 1.00255 1.00255 1.00255 1.00255 1.00255 1.00255 1.00255 1.00255 1.00255 1.00255 1.00255 1.00255 1.00255 1.00255 1.00255 1.00255 1.00255 1.00255 1.00255 1.00255 1.00255 
Tile_74 1.00255 1.00255 1.00255 1.00255 1.00255 1.00255 1.00255 1.00255 1.00255 1.00255 1.00255 1.00255 1.00255 1.00255 1.00255 1.00255 1.00255 1.00255 1.00255 1.00255 1.00255 1.00255 1.00255 1.00255 1.00255 1.00255 1.00255 1.00255 1.00255 1.00255 1.00255 1.00255 1.00255 1.00255 1.00255 1.00255 1.00255 1.00255 1.00255 1.00255 1.00255 1.00255 1.00255 1.00255 1.00255 1.00255 1.00255 1.00255 1.00255 1.00255 1.00255 1.00255 1.00255 1.00255 1.00255 1.00255 1.00255 1.00255 1.00255 1.00255 1.00255 1.00255 1.00255 1.00255 1.00255 1.00255 1.00255 1.00255 1.00255 1.00255 1.00255 
Tile_75 1.00215 1.00215 1.00215 1.00215 1.00215 1.00215 1.00215 1.00215 1.00215 1.00215 1.00215 1.00215 1.00215 1.00215 1.00215 1.00215 1.00215 1.00215 1.00215 1.00215 1.00215 1.00215 1.00215 1.00215 1.00215 1.00215 1.00215 1.00215 1.00215 1.00215 1.00215 1.00215 1.00215 1.00215 1.00215 1.00215 1.00215 1.00215 1.00215 1.00215 1.00215 1.00215 1.00215 1.00215 1.00215 1.00215 1.00215 1.00215 1.00215 1.00215 1.00215 1.00215 1.00215 1.00215 1.00215 1.00215 1.00215 1.00215 1.00215 1.00215 1.00215 1.00215 1.00215 1.00215 1.00215 1.00215 1.00215 1.00215 1.00215 1.00215 1.00215 
Tile_76 0.99967 0.999671 0.999671 0.999671 0.999671 0.999671 0.999671 0.999671 0.999671 0.999672 0.999672 0.999672 0.999672 0.999672 0.999672 0.999672 0.999672 0.999672 0.999672 0.999673 0.999673 0.999673 0.999673 0.999673 0.999673 0.999673 0.999673 0.999673 0.999673 0.999673 0.999674 0.999674 0.999674 0.999674 0.999674 0.999674 0.999674 0.999674 0.999674 0.999674 0.999674 0.999674 0.999674 0.999674 0.999675 0.999675 0.999675 0.999675 0.999675 0.999675 0.999675 0.999675 0.999675 0.999675 0.999675 0.999675 0.999675 0.999675 0.999675 0.999675 0.999675 0.999675 0.999675 0.999676 0.999676 0.999676 0.999676 0.999676 0.999676 0.999676 0.999676 
Tile_77 1.0007 1.0007 1.0007 1.0007 1.0007 1.0007 1.0007 1.0007 1.0007 1.0007 1.0007 1.0007 1.0007 1.0007 1.0007 1.0007 1.0007 1.0007 1.0007 1.0007 1.0007 1.0007 1.0007 1.0007 1.0007 1.0007 1.0007 1.0007 1.0007 1.0007 1.0007 1.0007 1.0007 1.0007 1.0007 1.0007 1.0007 1.0007 1.0007 1.0007 1.0007 1.0007 1.0007 1.0007 1.0007 1.0007 1.0007 1.0007 1.0007 1.0007 1.0007 1.0007 1.0007 1.0007 1.0007 1.0007 1.0007 1.0007 1.0007 1.0007 1.0007 1.0007 1.0007 1.0007 1.0007 1.0007 1.0007 1.0007 1.0007 1.0007 1.0007 
Tile_78 1.00196 1.00196 1.00196 1.00196 1.00196 1.00196 1.00196 1.00196 1.00196 1.00196 1.00196 1.00196 1.00196 1.00196 1.00196 1.00196 1.00196 1.00196 1.00196 1.00196 1.00196 1.00196 1.00196 1.00196 1.00196 1.00196 1.00196 1.00196 1.00196 1.00196 1.00196 1.00196 1.00196 1.00196 1.00196 1.00196 1.00196 1.00196 1.00196 1.00196 1.00196 1.00196 1.00196 1.00196 1.00196 1.00196 1.00196 1.00196 1.00196 1.00196 1.00196 1.00196 1.00196 1.00196 1.00196 1.00196 1.00196 1.00196 1.00196 1.00196 1.00196 1.00196 1.00196 1.00196 1.00196 1.00196 1.00196 1.00196 1.00196 1.00196 1.00196 
Tile_79 1.00057 1.00057 1.00057 1.00057 1.00057 1.00057 1.00057 1.00057 1.00057 1.00057 1.00057 1.00057 1.00057 1.00057 1.00057 1.00057 1.00057 1.00057 1.00057 1.00057 1.00057 1.00057 1.00057 1.00057 1.00057 1.00057 1.00057 1.00057 1.00057 1.00057 1.00057 1.00057 1.00057 1.00057 1.00057 1.00057 1.00057 1.00057 1.00057 1.00057 1.00057 1.00057 1.00057 1.00057 1.00057 1.00057 1.00057 1.00057 1.00057 1.00057 1.00057 1.00057 1.00057 1.00057 1.00057 1.00057 1.00057 1.00057 1.00057 1.00057 1.00057 1.00057 1.00057 1.00057 1.00057 1.00057 1.00057 1.00057 1.00057 1.00057 1.00057 
Tile_80 1.00114 1.00114 1.00114 1.00114 1.00114 1.00114 1.00114 1.00114 1.00114 1.00114 1.00114 1.00114 1.00114 1.00114 1.00114 1.00114 1.00114 1.00114 1.00114 1.00114 1.00114 1.00114 1.00114 1.00114 1.00114 1.00114 1.00114 1.00114 1.00114 1.00114 1.00114 1.00114 1.00114 1.00114 1.00114 1.00114 1.00114 1.00114 1.00114 1.00114 1.00114 1.00114 1.00114 1.00114 1.00114 1.00114 1.00114 1.00114 1.00114 1.00114 1.00114 1.00114 1.00114 1.00114 1.00114 1.00114 1.00114 1.00114 1.00114 1.00114 1.00114 1.00114 1.00114 1.00114 1.00114 1.00114 1.00114 1.00114 1.00114 1.00114 1.00114 
Tile_81 0.95292 0.95292 0.95292 0.952921 0.952921 0.952921 0.952921 0.952921 0.952921 0.952921 0.952921 0.952921 0.952922 0.952922 0.952922 0.952922 0.952922 0.952922 0.952922 0.952922 0.952922 0.952922 0.952922 0.952923 0.952923 0.952923 0.952923 0.952923 0.952923 0.952923 0.952923 0.952923 0.952923 0.952923 0.952923 0.952924 0.952924 0.952924 0.952924 0.952924 0.952924 0.952924 0.952924 0.952924 0.952924 0.952924 0.952924 0.952924 0.952924 0.952924 0.952924 0.952924 0.952925 0.952925 0.952925 0.952925 0.952925 0.952925 0.952925 0.952925 0.952925 0.952925 0.952925 0.952925 0.952925 0.952925 0.952925 0.952925 0.952925 0.952925 0.952925 
Tile_82 1.00009 1.00009 1.00009 1.00009 1.00009 1.00009 1.00009 1.00009 1.00009 1.00009 1.00009 1.00009 1.00009 1.00009 1.00009 1.00009 1.00009 1.00009 1.00009 1.00009 1.00009 1.00009 1.00009 1.00009 1.00009 1.00009 1.00009 1.00009 1.00009 1.00009 1.00009 1.00009 1.00009 1.00009 1.00009 1.00009 1.00009 1.00009 1.00009 1.00009 1.00009 1.00009 1.00009 1.00009 1.00009 1.00009 1.00009 1.00009 1.00009 1.00009 1.00009 1.00009 1.00009 1.00009 1.00009 1.00009 1.00009 1.00009 1.00009 1.00009 1.00009 1.00009 1.00009 1.00009 1.00009 1.00009 1.00009 1.00009 1.00009 1.00009 1.0001 
Tile_83 1.0004 1.0004 1.0004 1.0004 1.0004 1.0004 1.0004 1.00041 1.00041 1.00041 1.00041 1.00041 1.00041 1.00041 1.00041 1.00041 1.00041 1.00041 1.00041 1.00041 1.00041 1.00041 1.00041 1.00041 1.00041 1.00041 1.00041 1.00041 1.00041 1.00041 1.00041 1.00041 1.00041 1.00041 1.00041 1.00041 1.00041 1.00041 1.00041 1.00041 1.00041 1.00041 1.00041 1.00041 1.00041 1.00041 1.00041 1.00041 1.00041 1.00041 1.00041 1.00041 1.00041 1.00041 1.00041 1.00041 1.00041 1.00041 1.00041 1.00041 1.00041 1.00041 1.00041 1.00041 1.00041 1.00041 1.00041 1.00041 1.00041 1.00041 1.00041 
Tile_84 1.00255 1.00255 1.00255 1.00255 1.00255 1.00255 1.00255 1.00255 1.00255 1.00255 1.00255 1.00255 1.00255 1.00255 1.00255 1.00255 1.00255 1.00255 1.00255 1.00255 1.00255 1.00255 1.00255 1.00255 1.00255 1.00255 1.00255 1.00255 1.00255 1.00255 1.00255 1.00255 1.00255 1.00255 1.00255 1.00255 1.00255 1.00255 1.00255 1.00255 1.00255 1.00255 1.00255 1.00255 1.00255 1.00255 1.00255 1.00255 1.00255 1.00255 1.00255 1.00255 1.00255 1.00255 1.00255 1.00255 1.00255 1.00255 1.00255 1.00255 1.00255 1.00255 1.00255 1.00255 1.00255 1.00255 1.00255 1.00255 1.00255 1.00255 1.00255 
Tile_85 1.00255 1.00255 1.00255 1.00255 1.00255 1.00255 1.00255 1.00255 1.00255 1.00255 1.00255 1.00255 1.00255 1.00255 1.00255 1.00255 1.00255 1.00255 1.00255 1.00255 1.00255 1.00255 1.00255 1.00255 1.00255 1.00255 1.00255 1.00255 1.00255 1.00255 1.00255 1.00255 1.00255 1.00255 1.00255 1.00255 1.00255 1.00255 1.00255 1.00255 1.00255 1.00255 1.00255 1.00255 1.00255 1.00255 1.00255 1.00255 1.00255 1.00255 1.00255 1.00255 1.00255 1.00255 1.00255 1.00255 1.00255 1.00255 1.00255 1.00255 1.00255 1.00255 1.00255 1.00255 1.00255 1.00255 1.00255 1.00255 1.00255 1.00255 1.00255 
Tile_86 1 1 1 1 1 1 1 1 1 1.00001 1.00001 1.00001 1.00001 1.00001 1.00001 1.00001 1.00001 1.00001 1.00001 1.00001 1.00001 1.00001 1.00001 1.00001 1.00001 1.00001 1.00001 1.00001 1.00001 1.00001 1.00001 1.00001 1.00001 1.00001 1.00001 1.00001 1.00001 1.00001 1.00001 1.00001 1.00001 1.00001 1.00001 1.00001 1.00001 1.00001 1.00001 1.00001 1.00001 1.00001 1.00001 1.00001 1.00001 1.00001 1.00001 1.00001 1.00001 1.00001 1.00001 1.00001 1.00001 1.00001 1.00001 1.00001 1.00001 1.00001 1.00001 1.00001 1.00001 1.00001 1.00001 
Tile_87 1.00104 1.00104 1.00104 1.00104 1.00104 1.00104 1.00104 1.00104 1.00104 1.00104 1.00104 1.00104 1.00104 1.00104 1.00104 1.00104 1.00104 1.00104 1.00104 1.00104 1.00104 1.00104 1.00105 1.00105 1.00105 1.00105 1.00105 1.00105 1.00105 1.00105 1.00105 1.00105 1.00105 1.00105 1.00105 1.00105 1.00105 1.00105 1.00105 1.00105 1.00105 1.00105 1.00105 1.00105 1.00105 1.00105 1.00105 1.00105 1.00105 1.00105 1.00105 1.00105 1.00105 1.00105 1.00105 1.00105 1.00105 1.00105 1.00105 1.00105 1.00105 1.00105 1.00105 1.00105 1.00105 1.00105 1.00105 1.00105 1.00105 1.00105 1.00105 
Tile_88 0.99867 0.99867 0.99867 0.99867 0.99867 0.998671 0.998671 0.998671 0.998671 0.998671 0.998671 0.998671 0.998671 0.998671 0.998671 0.998672 0.998672 0.998672 0.998672 0.998672 0.998672 0.998672 0.998672 0.998672 0.998672 0.998673 0.998673 0.998673 0.998673 0.998673 0.998673 0.998673 0.998673 0.998673 0.998673 0.998673 0.998673 0.998674 0.998674 0.998674 0.998674 0.998674 0.998674 0.998674 0.998674 0.998674 0.998674 0.998674 0.998674 0.998674 0.998674 0.998674 0.998674 0.998675 0.998675 0.998675 0.998675 0.998675 0.998675 0.998675 0.998675 0.998675 0.998675 0.998675 0.998675 0.998675 0.998675 0.998675 0.998675 0.998675 0.998675 
Tile_89 1.00253 1.00253 1.00253 1.00253 1.00253 1.00253 1.00253 1.00253 1.00253 1.00253 1.00253 1.00253 1.00253 1.00253 1.00253 1.00253 1.00253 1.00253 1.00253 1.00253 1.00253 1.00253 1.00253 1.00253 1.00253 1.00253 1.00253 1.00253 1.00253 1.00253 1.00253 1.00253 1.00253 1.00253 1.00253 1.00253 1.00253 1.00253 1.00253 1.00253 1.00253 1.00253 1.00253 1.00253 1.00253 1.00253 1.00253 1.00253 1.00253 1.00253 1.00253 1.00253 1.00253 1.00253 1.00253 1.00253 1.00253 1.00253 1.00253 1.00253 1.00253 1.00253 1.00253 1.00253 1.00253 1.00253 1.00253 1.00253 1.00253 1.00253 1.00253 
Tile_90 1.00116 1.00116 1.00116 1.00116 1.00116 1.00116 1.00116 1.00116 1.00116 1.00116 1.00116 1.00116 1.00116 1.00116 1.00116 1.00116 1.00116 1.00116 1.00116 1.00116 1.00116 1.00116 1.00116 1.00116 1.00116 1.00116 1.00116 1.00116 1.00116 1.00116 1.00116 1.00116 1.00116 1.00116 1.00116 1.00116 1.00116 1.00116 1.00116 1.00116 1.00116 1.00116 1.00116 1.00116 1.00116 1.00116 1.00116 1.00116 1.00116 1.00116 1.00116 1.00116 1.00116 1.00116 1.00116 1.00116 1.00116 1.00116 1.00116 1.00116 1.00116 1.00116 1.00116 1.00116 1.00116 1.00116 1.00116 1.00116 1.00116 1.00116 1.00116 
Tile_91 1.00096 1.00096 1.00096 1.00096 1.00096 1.00096 1.00096 1.00096 1.00096 1.00096 1.00096 1.00096 1.00096 1.00096 1.00096 1.00096 1.00096 1.00096 1.00096 1.00096 1.00096 1.00096 1.00096 1.00096 1.00096 1.00096 1.00096 1.00096 1.00096 1.00096 1.00096 1.00096 1.00096 1.00096 1.00096 1.00096 1.00096 1.00096 1.00096 1.00096 1.00096 1.00096 1.00096 1.00096 1.00096 1.00096 1.00096 1.00096 1.00096 1.00096 1.00096 1.00096 1.00096 1.00096 1.00096 1.00096 1.00096 1.00096 1.00096 1.00096 1.00096 1.00096 1.00096 1.00096 1.00096 1.00096 1.00096 1.00096 1.00096 1.00096 1.00096 
Tile_92 0.998451 0.998451 0.998451 0.998451 0.998451 0.998451 0.998451 0.998452 0.998452 0.998452 0.998452 0.998452 0.998452 0.998452 0.998452 0.998452 0.998453 0.998453 0.998453 0.998453 0.998453 0.998453 0.998453 0.998453 0.998453 0.998453 0.998453 0.998454 0.998454 0.998454 0.998454 0.998454 0.998454 0.998454 0.998454 0.998454 0.998454 0.998454 0.998454 0.998454 0.998455 0.998455 0.998455 0.998455 0.998455 0.998455 0.998455 0.998455 0.998455 0.998455 0.998455 0.998455 0.998455 0.998455 0.998455 0.998455 0.998455 0.998456 0.998456 0.998456 0.998456 0.998456 0.998456 0.998456 0.998456 0.998456 0.998456 0.998456 0.998456 0.998456 0.998456 
Tile_93 1.00136 1.00136 1.00136 1.00136 1.00136 1.00136 1.00136 1.00136 1.00136 1.00136 1.00136 1.00136 1.00136 1.00136 1.00136 1.00136 1.00136 1.00136 1.00136 1.00136 1.00136 1.00136 1.00136 1.00136 1.00136 1.00136 1.00136 1.00136 1.00136 1.00136 1.00136 1.00136 1.00136 1.00136 1.00136 1.00136 1.00136 1.00136 1.00136 1.00136 1.00136 1.00136 1.00136 1.00136 1.00136 1.00136 1.00136 1.00136 1.00136 1.00136 1.00136 1.00136 1.00136 1.00136 1.00136 1.00136 1.00136 1.00136 1.00136 1.00136 1.00136 1.00136 1.00136 1.00136 1.00136 1.00136 1.00136 1.00136 1.00136 1.00136 1.00136 
Tile_94 1.00057 1.00057 1.00057 1.00057 1.00057 1.00057 1.00057 1.00057 1.00057 1.00057 1.00057 1.00057 1.00057 1.00057 1.00057 1.00057 1.00057 1.00057 1.00057 1.00057 1.00057 1.00057 1.00057 1.00057 1.00057 1.00057 1.00057 1.00057 1.00057 1.00057 1.00057 1.00057 1.00057 1.00057 1.00057 1.00057 1.00057 1.00057 1.00057 1.00057 1.00057 1.00057 1.00057 1.00057 1.00057 1.00057 1.00057 1.00057 1.00057 1.00057 1.00057 1.00057 1.00057 1.00057 1.00057 1.00057 1.00057 1.00057 1.00057 1.00057 1.00057 1.00057 1.00057 1.00057 1.00057 1.00057 1.00057 1.00057 1.00057 1.00057 1.00057 
Tile_95 1.00136 1.00136 1.00136 1.00136 1.00136 1.00136 1.00136 1.00136 1.00136 1.00136 1.00136 1.00136 1.00136 1.00136 1.00136 1.00136 1.00136 1.00136 1.00136 1.00136 1.00136 1.00136 1.00136 1.00136 1.00136 1.00136 1.00136 1.00136 1.00136 1.00136 1.00136 1.00136 1.00136 1.00136 1.00136 1.00136 1.00136 1.00136 1.00136 1.00136 1.00136 1.00136 1.00136 1.00136 1.00136 1.00136 1.00136 1.00136 1.00136 1.00136 1.00136 1.00136 1.00136 1.00136 1.00136 1.00136 1.00136 1.00136 1.00136 1.00136 1.00136 1.00136 1.00136 1.00136 1.00136 1.00136 1.00136 1.00136 1.00136 1.00136 1.00136 
Tile_96 0.998956 0.998956 0.998956 0.998956 0.998956 0.998956 0.998957 0.998957 0.998957 0.998957 0.998957 0.998957 0.998957 0.998957 0.998957 0.998957 0.998958 0.998958 0.998958 0.998958 0.998958 0.998958 0.998958 0.998958 0.998958 0.998958 0.998959 0.998959 0.998959 0.998959 0.998959 0.998959 0.998959 0.998959 0.998959 0.998959 0.998959 0.998959 0.998959 0.99896 0.99896 0.99896 0.99896 0.99896 0.99896 0.99896 0.99896 0.99896 0.99896 0.99896 0.99896 0.99896 0.99896 0.99896 0.99896 0.99896 0.998961 0.998961 0.998961 0.998961 0.998961 0.998961 0.998961 0.998961 0.998961 0.998961 0.998961 0.998961 0.998961 0.998961 0.998961 
Tile_97 0.999709 0.999709 0.999709 0.999709 0.999709 0.999709 0.999709 0.999709 0.99971 0.99971 0.99971 0.99971 0.99971 0.99971 0.99971 0.99971 0.99971 0.99971 0.999711 0.999711 0.999711 0.999711 0.999711 0.999711 0.999711 0.999711 0.999711 0.999711 0.999712 0.999712 0.999712 0.999712 0.999712 0.999712 0.999712 0.999712 0.999712 0.999712 0.999712 0.999712 0.999712 0.999712 0.999713 0.999713 0.999713 0.999713 0.999713 0.999713 0.999713 0.999713 0.999713 0.999713 0.999713 0.999713 0.999713 0.999713 0.999713 0.999713 0.999713 0.999713 0.999714 0.999714 0.999714 0.999714 0.999714 0.999714 0.999714 0.999714 0.999714 0.999714 0.999714 
Tile_98 1.00057 1.00057 1.00057 1.00057 1.00057 1.00057 1.00057 1.00057 1.00057 1.00057 1.00057 1.00057 1.00057 1.00057 1.00057 1.00057 1.00057 1.00057 1.00057 1.00057 1.00057 1.00057 1.00057 1.00057 1.00057 1.00057 1.00057 1.00057 1.00057 1.00057 1.00057 1.00057 1.00057 1.00057 1.00057 1.00057 1.00057 1.00057 1.00057 1.00057 1.00057 1.00057 1.00057 1.00057 1.00057 1.00057 1.00057 1.00057 1.00057 1.00057 1.00057 1.00057 1.00057 1.00057 1.00057 1.00057 1.00057 1.00057 1.00057 1.00057 1.00057 1.00057 1.00057 1.00057 1.00057 1.00057 1.00057 1.00057 1.00057 1.00057 1.00057 
Tile_99 1.00223 1.00223 1.00223 1.00223 1.00223 1.00223 1.00223 1.00223 1.00223 1.00223 1.00223 1.00224 1.00224 1.00224 1.00224 1.00224 1.00224 1.00224 1.00224 1.00224 1.00224 1.00224 1.00224 1.00224 1.00224 1.00224 1.00224 1.00224 1.00224 1.00224 1.00224 1.00224 1.00224 1.00224 1.00224 1.00224 1.00224 1.00224 1.00224 1.00224 1.00224 1.00224 1.00224 1.00224 1.00224 1.00224 1.00224 1.00224 1.00224 1.00224 1.00224 1.00224 1.00224 1.00224 1.00224 1.00224 1.00224 1.00224 1.00224 1.00224 1.00224 1.00224 1.00224 1.00224 1.00224 1.00224 1.00224 1.00224 1.00224 1.00224 1.00224 
